pc,instr,gpr,csr,binary,mode,instr_str,operand,pad
0000000080000000,,ra:0000000000000000,,00004081,3,"c.li    ra, 0",,
0000000080000002,,sp:0000000000000000,,00004101,3,"c.li    sp, 0",,
0000000080000004,,gp:0000000000000000,,00004181,3,"c.li    gp, 0",,
0000000080000006,,tp:0000000000000000,,00004201,3,"c.li    tp, 0",,
0000000080000008,,t0:0000000000000000,,00004281,3,"c.li    t0, 0",,
000000008000000a,,t1:0000000000000000,,00004301,3,"c.li    t1, 0",,
000000008000000c,,t2:0000000000000000,,00004381,3,"c.li    t2, 0",,
000000008000000e,,s0:0000000000000000,,00004401,3,"c.li    s0, 0",,
0000000080000010,,s1:0000000000000000,,00004481,3,"c.li    s1, 0",,
0000000080000012,,a0:0000000000000000,,00004501,3,"c.li    a0, 0",,
0000000080000014,,a1:0000000000000000,,00004581,3,"c.li    a1, 0",,
0000000080000016,,a2:0000000000000000,,00004601,3,"c.li    a2, 0",,
0000000080000018,,a3:0000000000000000,,00004681,3,"c.li    a3, 0",,
000000008000001a,,a4:0000000000000000,,00004701,3,"c.li    a4, 0",,
000000008000001c,,a5:0000000000000000,,00004781,3,"c.li    a5, 0",,
000000008000001e,,a6:0000000000000000,,00004801,3,"c.li    a6, 0",,
0000000080000020,,a7:0000000000000000,,00004881,3,"c.li    a7, 0",,
0000000080000022,,s2:0000000000000000,,00004901,3,"c.li    s2, 0",,
0000000080000024,,s3:0000000000000000,,00004981,3,"c.li    s3, 0",,
0000000080000026,,s4:0000000000000000,,00004a01,3,"c.li    s4, 0",,
0000000080000028,,s5:0000000000000000,,00004a81,3,"c.li    s5, 0",,
000000008000002a,,s6:0000000000000000,,00004b01,3,"c.li    s6, 0",,
000000008000002c,,s7:0000000000000000,,00004b81,3,"c.li    s7, 0",,
000000008000002e,,s8:0000000000000000,,00004c01,3,"c.li    s8, 0",,
0000000080000030,,s9:0000000000000000,,00004c81,3,"c.li    s9, 0",,
0000000080000032,,s10:0000000000000000,,00004d01,3,"c.li    s10, 0",,
0000000080000034,,s11:0000000000000000,,00004d81,3,"c.li    s11, 0",,
0000000080000036,,t3:0000000000000000,,00004e01,3,"c.li    t3, 0",,
0000000080000038,,t4:0000000000000000,,00004e81,3,"c.li    t4, 0",,
000000008000003a,,t5:0000000000000000,,00004f01,3,"c.li    t5, 0",,
000000008000003c,,t6:0000000000000000,,00004f81,3,"c.li    t6, 0",,
000000008000003e,,t0:000000000001e000,,000062f9,3,"c.lui   t0, 0x1e",,
0000000080000044,,t0:0000000000000001,,00004285,3,"c.li    t0, 1",,
0000000080000046,,t0:0000000080000000,,000002fe,3,"c.slli  t0, 31",,
0000000080000058,,t0:0000000080000058,,00000297,3,"auipc   t0, 0x0",,
000000008000005c,,t0:00000000800000e8,,09028293,3,"addi    t0, t0, 144",,
0000000080000068,,ft0:ffffffff00000000,,f0000053,3,"fmv.w.x ft0, zero",,
000000008000006c,,ft1:ffffffff00000000,,f00000d3,3,"fmv.w.x ft1, zero",,
0000000080000070,,ft2:ffffffff00000000,,f0000153,3,"fmv.w.x ft2, zero",,
0000000080000074,,ft3:ffffffff00000000,,f00001d3,3,"fmv.w.x ft3, zero",,
0000000080000078,,ft4:ffffffff00000000,,f0000253,3,"fmv.w.x ft4, zero",,
000000008000007c,,ft5:ffffffff00000000,,f00002d3,3,"fmv.w.x ft5, zero",,
0000000080000080,,ft6:ffffffff00000000,,f0000353,3,"fmv.w.x ft6, zero",,
0000000080000084,,ft7:ffffffff00000000,,f00003d3,3,"fmv.w.x ft7, zero",,
0000000080000088,,fs0:ffffffff00000000,,f0000453,3,"fmv.w.x fs0, zero",,
000000008000008c,,fs1:ffffffff00000000,,f00004d3,3,"fmv.w.x fs1, zero",,
0000000080000090,,fa0:ffffffff00000000,,f0000553,3,"fmv.w.x fa0, zero",,
0000000080000094,,fa1:ffffffff00000000,,f00005d3,3,"fmv.w.x fa1, zero",,
0000000080000098,,fa2:ffffffff00000000,,f0000653,3,"fmv.w.x fa2, zero",,
000000008000009c,,fa3:ffffffff00000000,,f00006d3,3,"fmv.w.x fa3, zero",,
00000000800000a0,,fa4:ffffffff00000000,,f0000753,3,"fmv.w.x fa4, zero",,
00000000800000a4,,fa5:ffffffff00000000,,f00007d3,3,"fmv.w.x fa5, zero",,
00000000800000a8,,fa6:ffffffff00000000,,f0000853,3,"fmv.w.x fa6, zero",,
00000000800000ac,,fa7:ffffffff00000000,,f00008d3,3,"fmv.w.x fa7, zero",,
00000000800000b0,,fs2:ffffffff00000000,,f0000953,3,"fmv.w.x fs2, zero",,
00000000800000b4,,fs3:ffffffff00000000,,f00009d3,3,"fmv.w.x fs3, zero",,
00000000800000b8,,fs4:ffffffff00000000,,f0000a53,3,"fmv.w.x fs4, zero",,
00000000800000bc,,fs5:ffffffff00000000,,f0000ad3,3,"fmv.w.x fs5, zero",,
00000000800000c0,,fs6:ffffffff00000000,,f0000b53,3,"fmv.w.x fs6, zero",,
00000000800000c4,,fs7:ffffffff00000000,,f0000bd3,3,"fmv.w.x fs7, zero",,
00000000800000c8,,fs8:ffffffff00000000,,f0000c53,3,"fmv.w.x fs8, zero",,
00000000800000cc,,fs9:ffffffff00000000,,f0000cd3,3,"fmv.w.x fs9, zero",,
00000000800000d0,,fs10:ffffffff00000000,,f0000d53,3,"fmv.w.x fs10, zero",,
00000000800000d4,,fs11:ffffffff00000000,,f0000dd3,3,"fmv.w.x fs11, zero",,
00000000800000d8,,ft8:ffffffff00000000,,f0000e53,3,"fmv.w.x ft8, zero",,
00000000800000dc,,ft9:ffffffff00000000,,f0000ed3,3,"fmv.w.x ft9, zero",,
00000000800000e0,,ft10:ffffffff00000000,,f0000f53,3,"fmv.w.x ft10, zero",,
00000000800000e4,,ft11:ffffffff00000000,,f0000fd3,3,"fmv.w.x ft11, zero",,
00000000800000e8,,t0:00000000800000e8,,00000297,3,"auipc   t0, 0x0",,
00000000800000ec,,t0:0000000080000124,,03c28293,3,"addi    t0, t0, 60",,
00000000800000f4,,gp:00000000800110f4,,00011197,3,"auipc   gp, 0x11",,
00000000800000f8,,gp:0000000080011828,,73418193,3,"addi    gp, gp, 1844",,
00000000800000fc,,tp:00000000800110fc,,00011217,3,"auipc   tp, 0x11",,
0000000080000100,,tp:000000008001107f,,f8320213,3,"addi    tp, tp, -125",,
0000000080000104,,tp:0000000080011040,,fc027213,3,"andi    tp, tp, -64",,
0000000080000108,,a0:0000000000000000,,f1402573,3,"csrrs   a0, mhartid, zero",,
000000008000010c,,a1:0000000000000001,,00004585,3,"c.li    a1, 1",,
0000000080000112,,sp:0000000000000001,,00150113,3,"addi    sp, a0, 1",,
0000000080000116,,sp:0000000000020000,,00000146,3,"c.slli  sp, 17",,
0000000080000118,,sp:0000000080031040,,00009112,3,"c.add   sp, tp",,
000000008000011a,,a2:0000000000000000,,01151613,3,"slli    a2, a0, 17",,
000000008000011e,,tp:0000000080011040,,00009232,3,"c.add   tp, a2",,
000000008000e5be,,sp:0000000080030f90,,00007171,3,"c.addi16sp sp, -176",,
000000008000e5c6,,s0:0000000080031040,,00001900,3,"c.addi4spn s0, sp, 176",,
000000008000e5c8,,a5:0000000000000000,,000087aa,3,"c.mv    a5, a0",,
000000008000e5ca,,a4:0000000000000001,,0000872e,3,"c.mv    a4, a1",,
000000008000e5d0,,a5:0000000000000001,,000087ba,3,"c.mv    a5, a4",,
000000008000e5d6,,a5:0000000080031020,,fe040793,3,"addi    a5, s0, -32",,
000000008000e5de,,a5:0000000080031020,,f5043783,3,"ld      a5, -176(s0)",,
000000008000e5e2,,a5:0000000080030fa0,,f8078793,3,"addi    a5, a5, -128",,
000000008000e5e6,,a5:0000000080030fdf,,03f78793,3,"addi    a5, a5, 63",,
000000008000e5ea,,a5:0000000002000c3f,,00008399,3,"c.srli  a5, 6",,
000000008000e5ec,,s1:0000000080030fc0,,00679493,3,"slli    s1, a5, 6",,
000000008000e5f0,,ra:000000008000e5f4,,f65ff0ef,3,jal     -0x9c,,
000000008000e554,,sp:0000000080030f70,,00001101,3,"c.addi  sp, -32",,
000000008000e55a,,s0:0000000080030f90,,00001000,3,"c.addi4spn s0, sp, 32",,
000000008000e55c,,a4:000000008001155c,,00003717,3,"auipc   a4, 0x3",,
000000008000e560,,a4:0000000080011028,,acc70713,3,"addi    a4, a4, -1332",,
000000008000e564,,a5:0000000080011564,,00003797,3,"auipc   a5, 0x3",,
000000008000e568,,a5:0000000080011028,,ac478793,3,"addi    a5, a5, -1340",,
000000008000e56c,,a5:0000000000000000,,40f707b3,3,"sub     a5, a4, a5",,
000000008000e574,,a5:0000000080011040,,00008792,3,"c.mv    a5, tp",,
000000008000e576,,a2:0000000000000000,,fe843603,3,"ld      a2, -24(s0)",,
000000008000e57a,,a1:000000008001157a,,00003597,3,"auipc   a1, 0x3",,
000000008000e57e,,a1:0000000080011028,,aae58593,3,"addi    a1, a1, -1362",,
000000008000e582,,a0:0000000080011040,,0000853e,3,"c.mv    a0, a5",,
000000008000e584,,ra:000000008000e588,,0f9000ef,3,jal     0x8f8,,
000000008000ee7c,,sp:0000000080030f20,,0000715d,3,"c.addi16sp sp, -80",,
000000008000ee80,,s0:0000000080030f70,,00000880,3,"c.addi4spn s0, sp, 80",,
000000008000ee8e,,a4:0000000080011040,,fc843703,3,"ld      a4, -56(s0)",,
000000008000ee92,,a5:0000000080011028,,fc043783,3,"ld      a5, -64(s0)",,
000000008000ee96,,a4:0000000080011068,,00008f5d,3,"c.or    a4, a5",,
000000008000ee98,,a5:0000000000000000,,fb843783,3,"ld      a5, -72(s0)",,
000000008000ee9c,,a5:0000000080011068,,00008fd9,3,"c.or    a5, a4",,
000000008000ee9e,,a5:0000000000000000,,00008b9d,3,"c.andi  a5, 7",,
000000008000eea2,,a5:0000000080011028,,fc043783,3,"ld      a5, -64(s0)",,
000000008000eeaa,,a5:0000000080011040,,fc843783,3,"ld      a5, -56(s0)",,
000000008000eed0,,a4:0000000080011040,,fc843703,3,"ld      a4, -56(s0)",,
000000008000eed4,,a5:0000000000000000,,fb843783,3,"ld      a5, -72(s0)",,
000000008000eed8,,a5:0000000080011040,,000097ba,3,"c.add   a5, a4",,
000000008000eeda,,a4:0000000080011040,,fe043703,3,"ld      a4, -32(s0)",,
000000008000ef28,,a5:0000000080011040,,fc843783,3,"ld      a5, -56(s0)",,
000000008000ef2c,,a0:0000000080011040,,0000853e,3,"c.mv    a0, a5",,
000000008000ef2e,,s0:0000000080030f90,,00006426,3,"c.ldsp  s0, 72(sp)",,
000000008000ef30,,sp:0000000080030f70,,00006161,3,"c.addi16sp sp, 80",,
000000008000e588,,a4:0000000080011588,,00003717,3,"auipc   a4, 0x3",,
000000008000e58c,,a4:00000000800110c4,,b3c70713,3,"addi    a4, a4, -1220",,
000000008000e590,,a5:0000000080011590,,00003797,3,"auipc   a5, 0x3",,
000000008000e594,,a5:0000000080011028,,a9878793,3,"addi    a5, a5, -1384",,
000000008000e598,,a5:000000000000009c,,40f707b3,3,"sub     a5, a4, a5",,
000000008000e5a0,,a4:0000000080011040,,00008712,3,"c.mv    a4, tp",,
000000008000e5a2,,a5:0000000000000000,,fe843783,3,"ld      a5, -24(s0)",,
000000008000e5a6,,a5:0000000080011040,,000097ba,3,"c.add   a5, a4",,
000000008000e5a8,,a2:000000000000009c,,fe043603,3,"ld      a2, -32(s0)",,
000000008000e5ac,,a1:0000000000000000,,00004581,3,"c.li    a1, 0",,
000000008000e5ae,,a0:0000000080011040,,0000853e,3,"c.mv    a0, a5",,
000000008000e5b0,,ra:000000008000e5b4,,185000ef,3,jal     0x984,,
000000008000ef34,,sp:0000000080030f20,,0000715d,3,"c.addi16sp sp, -80",,
000000008000ef38,,s0:0000000080030f70,,00000880,3,"c.addi4spn s0, sp, 80",,
000000008000ef3e,,a5:0000000000000000,,000087ae,3,"c.mv    a5, a1",,
000000008000ef48,,a4:0000000080011040,,fc843703,3,"ld      a4, -56(s0)",,
000000008000ef4c,,a5:000000000000009c,,fb843783,3,"ld      a5, -72(s0)",,
000000008000ef50,,a5:00000000800110dc,,00008fd9,3,"c.or    a5, a4",,
000000008000ef52,,a5:0000000000000004,,00008b9d,3,"c.andi  a5, 7",,
000000008000efc2,,a5:0000000080011040,,fc843783,3,"ld      a5, -56(s0)",,
000000008000efe4,,a4:0000000080011040,,fc843703,3,"ld      a4, -56(s0)",,
000000008000efe8,,a5:000000000000009c,,fb843783,3,"ld      a5, -72(s0)",,
000000008000efec,,a5:00000000800110dc,,000097ba,3,"c.add   a5, a4",,
000000008000efee,,a4:0000000080011040,,fe043703,3,"ld      a4, -32(s0)",,
000000008000efcc,,a5:0000000080011040,,fe043783,3,"ld      a5, -32(s0)",,
000000008000efd0,,a4:0000000080011041,,00178713,3,"addi    a4, a5, 1",,
000000008000efd8,,a4:0000000000000000,,fc442703,3,"lw      a4, -60(s0)",,
000000008000efdc,,a4:0000000000000000,,0ff77713,3,"andi    a4, a4, 255",,
000000008000efe4,,a4:0000000080011040,,fc843703,3,"ld      a4, -56(s0)",,
000000008000efe8,,a5:000000000000009c,,fb843783,3,"ld      a5, -72(s0)",,
000000008000efec,,a5:00000000800110dc,,000097ba,3,"c.add   a5, a4",,
000000008000efee,,a4:0000000080011041,,fe043703,3,"ld      a4, -32(s0)",,
000000008000efcc,,a5:0000000080011041,,fe043783,3,"ld      a5, -32(s0)",,
000000008000efd0,,a4:0000000080011042,,00178713,3,"addi    a4, a5, 1",,
000000008000efd8,,a4:0000000000000000,,fc442703,3,"lw      a4, -60(s0)",,
000000008000efdc,,a4:0000000000000000,,0ff77713,3,"andi    a4, a4, 255",,
000000008000efe4,,a4:0000000080011040,,fc843703,3,"ld      a4, -56(s0)",,
000000008000efe8,,a5:000000000000009c,,fb843783,3,"ld      a5, -72(s0)",,
000000008000efec,,a5:00000000800110dc,,000097ba,3,"c.add   a5, a4",,
000000008000efee,,a4:0000000080011042,,fe043703,3,"ld      a4, -32(s0)",,
000000008000efcc,,a5:0000000080011042,,fe043783,3,"ld      a5, -32(s0)",,
000000008000efd0,,a4:0000000080011043,,00178713,3,"addi    a4, a5, 1",,
000000008000efd8,,a4:0000000000000000,,fc442703,3,"lw      a4, -60(s0)",,
000000008000efdc,,a4:0000000000000000,,0ff77713,3,"andi    a4, a4, 255",,
000000008000efe4,,a4:0000000080011040,,fc843703,3,"ld      a4, -56(s0)",,
000000008000efe8,,a5:000000000000009c,,fb843783,3,"ld      a5, -72(s0)",,
000000008000efec,,a5:00000000800110dc,,000097ba,3,"c.add   a5, a4",,
000000008000efee,,a4:0000000080011043,,fe043703,3,"ld      a4, -32(s0)",,
000000008000efcc,,a5:0000000080011043,,fe043783,3,"ld      a5, -32(s0)",,
000000008000efd0,,a4:0000000080011044,,00178713,3,"addi    a4, a5, 1",,
000000008000efd8,,a4:0000000000000000,,fc442703,3,"lw      a4, -60(s0)",,
000000008000efdc,,a4:0000000000000000,,0ff77713,3,"andi    a4, a4, 255",,
000000008000efe4,,a4:0000000080011040,,fc843703,3,"ld      a4, -56(s0)",,
000000008000efe8,,a5:000000000000009c,,fb843783,3,"ld      a5, -72(s0)",,
000000008000efec,,a5:00000000800110dc,,000097ba,3,"c.add   a5, a4",,
000000008000efee,,a4:0000000080011044,,fe043703,3,"ld      a4, -32(s0)",,
000000008000efcc,,a5:0000000080011044,,fe043783,3,"ld      a5, -32(s0)",,
000000008000efd0,,a4:0000000080011045,,00178713,3,"addi    a4, a5, 1",,
000000008000efd8,,a4:0000000000000000,,fc442703,3,"lw      a4, -60(s0)",,
000000008000efdc,,a4:0000000000000000,,0ff77713,3,"andi    a4, a4, 255",,
000000008000efe4,,a4:0000000080011040,,fc843703,3,"ld      a4, -56(s0)",,
000000008000efe8,,a5:000000000000009c,,fb843783,3,"ld      a5, -72(s0)",,
000000008000efec,,a5:00000000800110dc,,000097ba,3,"c.add   a5, a4",,
000000008000efee,,a4:0000000080011045,,fe043703,3,"ld      a4, -32(s0)",,
000000008000efcc,,a5:0000000080011045,,fe043783,3,"ld      a5, -32(s0)",,
000000008000efd0,,a4:0000000080011046,,00178713,3,"addi    a4, a5, 1",,
000000008000efd8,,a4:0000000000000000,,fc442703,3,"lw      a4, -60(s0)",,
000000008000efdc,,a4:0000000000000000,,0ff77713,3,"andi    a4, a4, 255",,
000000008000efe4,,a4:0000000080011040,,fc843703,3,"ld      a4, -56(s0)",,
000000008000efe8,,a5:000000000000009c,,fb843783,3,"ld      a5, -72(s0)",,
000000008000efec,,a5:00000000800110dc,,000097ba,3,"c.add   a5, a4",,
000000008000efee,,a4:0000000080011046,,fe043703,3,"ld      a4, -32(s0)",,
000000008000efcc,,a5:0000000080011046,,fe043783,3,"ld      a5, -32(s0)",,
000000008000efd0,,a4:0000000080011047,,00178713,3,"addi    a4, a5, 1",,
000000008000efd8,,a4:0000000000000000,,fc442703,3,"lw      a4, -60(s0)",,
000000008000efdc,,a4:0000000000000000,,0ff77713,3,"andi    a4, a4, 255",,
000000008000efe4,,a4:0000000080011040,,fc843703,3,"ld      a4, -56(s0)",,
000000008000efe8,,a5:000000000000009c,,fb843783,3,"ld      a5, -72(s0)",,
000000008000efec,,a5:00000000800110dc,,000097ba,3,"c.add   a5, a4",,
000000008000efee,,a4:0000000080011047,,fe043703,3,"ld      a4, -32(s0)",,
000000008000efcc,,a5:0000000080011047,,fe043783,3,"ld      a5, -32(s0)",,
000000008000efd0,,a4:0000000080011048,,00178713,3,"addi    a4, a5, 1",,
000000008000efd8,,a4:0000000000000000,,fc442703,3,"lw      a4, -60(s0)",,
000000008000efdc,,a4:0000000000000000,,0ff77713,3,"andi    a4, a4, 255",,
000000008000efe4,,a4:0000000080011040,,fc843703,3,"ld      a4, -56(s0)",,
000000008000efe8,,a5:000000000000009c,,fb843783,3,"ld      a5, -72(s0)",,
000000008000efec,,a5:00000000800110dc,,000097ba,3,"c.add   a5, a4",,
000000008000efee,,a4:0000000080011048,,fe043703,3,"ld      a4, -32(s0)",,
000000008000efcc,,a5:0000000080011048,,fe043783,3,"ld      a5, -32(s0)",,
000000008000efd0,,a4:0000000080011049,,00178713,3,"addi    a4, a5, 1",,
000000008000efd8,,a4:0000000000000000,,fc442703,3,"lw      a4, -60(s0)",,
000000008000efdc,,a4:0000000000000000,,0ff77713,3,"andi    a4, a4, 255",,
000000008000efe4,,a4:0000000080011040,,fc843703,3,"ld      a4, -56(s0)",,
000000008000efe8,,a5:000000000000009c,,fb843783,3,"ld      a5, -72(s0)",,
000000008000efec,,a5:00000000800110dc,,000097ba,3,"c.add   a5, a4",,
000000008000efee,,a4:0000000080011049,,fe043703,3,"ld      a4, -32(s0)",,
000000008000efcc,,a5:0000000080011049,,fe043783,3,"ld      a5, -32(s0)",,
000000008000efd0,,a4:000000008001104a,,00178713,3,"addi    a4, a5, 1",,
000000008000efd8,,a4:0000000000000000,,fc442703,3,"lw      a4, -60(s0)",,
000000008000efdc,,a4:0000000000000000,,0ff77713,3,"andi    a4, a4, 255",,
000000008000efe4,,a4:0000000080011040,,fc843703,3,"ld      a4, -56(s0)",,
000000008000efe8,,a5:000000000000009c,,fb843783,3,"ld      a5, -72(s0)",,
000000008000efec,,a5:00000000800110dc,,000097ba,3,"c.add   a5, a4",,
000000008000efee,,a4:000000008001104a,,fe043703,3,"ld      a4, -32(s0)",,
000000008000efcc,,a5:000000008001104a,,fe043783,3,"ld      a5, -32(s0)",,
000000008000efd0,,a4:000000008001104b,,00178713,3,"addi    a4, a5, 1",,
000000008000efd8,,a4:0000000000000000,,fc442703,3,"lw      a4, -60(s0)",,
000000008000efdc,,a4:0000000000000000,,0ff77713,3,"andi    a4, a4, 255",,
000000008000efe4,,a4:0000000080011040,,fc843703,3,"ld      a4, -56(s0)",,
000000008000efe8,,a5:000000000000009c,,fb843783,3,"ld      a5, -72(s0)",,
000000008000efec,,a5:00000000800110dc,,000097ba,3,"c.add   a5, a4",,
000000008000efee,,a4:000000008001104b,,fe043703,3,"ld      a4, -32(s0)",,
000000008000efcc,,a5:000000008001104b,,fe043783,3,"ld      a5, -32(s0)",,
000000008000efd0,,a4:000000008001104c,,00178713,3,"addi    a4, a5, 1",,
000000008000efd8,,a4:0000000000000000,,fc442703,3,"lw      a4, -60(s0)",,
000000008000efdc,,a4:0000000000000000,,0ff77713,3,"andi    a4, a4, 255",,
000000008000efe4,,a4:0000000080011040,,fc843703,3,"ld      a4, -56(s0)",,
000000008000efe8,,a5:000000000000009c,,fb843783,3,"ld      a5, -72(s0)",,
000000008000efec,,a5:00000000800110dc,,000097ba,3,"c.add   a5, a4",,
000000008000efee,,a4:000000008001104c,,fe043703,3,"ld      a4, -32(s0)",,
000000008000efcc,,a5:000000008001104c,,fe043783,3,"ld      a5, -32(s0)",,
000000008000efd0,,a4:000000008001104d,,00178713,3,"addi    a4, a5, 1",,
000000008000efd8,,a4:0000000000000000,,fc442703,3,"lw      a4, -60(s0)",,
000000008000efdc,,a4:0000000000000000,,0ff77713,3,"andi    a4, a4, 255",,
000000008000efe4,,a4:0000000080011040,,fc843703,3,"ld      a4, -56(s0)",,
000000008000efe8,,a5:000000000000009c,,fb843783,3,"ld      a5, -72(s0)",,
000000008000efec,,a5:00000000800110dc,,000097ba,3,"c.add   a5, a4",,
000000008000efee,,a4:000000008001104d,,fe043703,3,"ld      a4, -32(s0)",,
000000008000efcc,,a5:000000008001104d,,fe043783,3,"ld      a5, -32(s0)",,
000000008000efd0,,a4:000000008001104e,,00178713,3,"addi    a4, a5, 1",,
000000008000efd8,,a4:0000000000000000,,fc442703,3,"lw      a4, -60(s0)",,
000000008000efdc,,a4:0000000000000000,,0ff77713,3,"andi    a4, a4, 255",,
000000008000efe4,,a4:0000000080011040,,fc843703,3,"ld      a4, -56(s0)",,
000000008000efe8,,a5:000000000000009c,,fb843783,3,"ld      a5, -72(s0)",,
000000008000efec,,a5:00000000800110dc,,000097ba,3,"c.add   a5, a4",,
000000008000efee,,a4:000000008001104e,,fe043703,3,"ld      a4, -32(s0)",,
000000008000efcc,,a5:000000008001104e,,fe043783,3,"ld      a5, -32(s0)",,
000000008000efd0,,a4:000000008001104f,,00178713,3,"addi    a4, a5, 1",,
000000008000efd8,,a4:0000000000000000,,fc442703,3,"lw      a4, -60(s0)",,
000000008000efdc,,a4:0000000000000000,,0ff77713,3,"andi    a4, a4, 255",,
000000008000efe4,,a4:0000000080011040,,fc843703,3,"ld      a4, -56(s0)",,
000000008000efe8,,a5:000000000000009c,,fb843783,3,"ld      a5, -72(s0)",,
000000008000efec,,a5:00000000800110dc,,000097ba,3,"c.add   a5, a4",,
000000008000efee,,a4:000000008001104f,,fe043703,3,"ld      a4, -32(s0)",,
000000008000efcc,,a5:000000008001104f,,fe043783,3,"ld      a5, -32(s0)",,
000000008000efd0,,a4:0000000080011050,,00178713,3,"addi    a4, a5, 1",,
000000008000efd8,,a4:0000000000000000,,fc442703,3,"lw      a4, -60(s0)",,
000000008000efdc,,a4:0000000000000000,,0ff77713,3,"andi    a4, a4, 255",,
000000008000efe4,,a4:0000000080011040,,fc843703,3,"ld      a4, -56(s0)",,
000000008000efe8,,a5:000000000000009c,,fb843783,3,"ld      a5, -72(s0)",,
000000008000efec,,a5:00000000800110dc,,000097ba,3,"c.add   a5, a4",,
000000008000efee,,a4:0000000080011050,,fe043703,3,"ld      a4, -32(s0)",,
000000008000efcc,,a5:0000000080011050,,fe043783,3,"ld      a5, -32(s0)",,
000000008000efd0,,a4:0000000080011051,,00178713,3,"addi    a4, a5, 1",,
000000008000efd8,,a4:0000000000000000,,fc442703,3,"lw      a4, -60(s0)",,
000000008000efdc,,a4:0000000000000000,,0ff77713,3,"andi    a4, a4, 255",,
000000008000efe4,,a4:0000000080011040,,fc843703,3,"ld      a4, -56(s0)",,
000000008000efe8,,a5:000000000000009c,,fb843783,3,"ld      a5, -72(s0)",,
000000008000efec,,a5:00000000800110dc,,000097ba,3,"c.add   a5, a4",,
000000008000efee,,a4:0000000080011051,,fe043703,3,"ld      a4, -32(s0)",,
000000008000efcc,,a5:0000000080011051,,fe043783,3,"ld      a5, -32(s0)",,
000000008000efd0,,a4:0000000080011052,,00178713,3,"addi    a4, a5, 1",,
000000008000efd8,,a4:0000000000000000,,fc442703,3,"lw      a4, -60(s0)",,
000000008000efdc,,a4:0000000000000000,,0ff77713,3,"andi    a4, a4, 255",,
000000008000efe4,,a4:0000000080011040,,fc843703,3,"ld      a4, -56(s0)",,
000000008000efe8,,a5:000000000000009c,,fb843783,3,"ld      a5, -72(s0)",,
000000008000efec,,a5:00000000800110dc,,000097ba,3,"c.add   a5, a4",,
000000008000efee,,a4:0000000080011052,,fe043703,3,"ld      a4, -32(s0)",,
000000008000efcc,,a5:0000000080011052,,fe043783,3,"ld      a5, -32(s0)",,
000000008000efd0,,a4:0000000080011053,,00178713,3,"addi    a4, a5, 1",,
000000008000efd8,,a4:0000000000000000,,fc442703,3,"lw      a4, -60(s0)",,
000000008000efdc,,a4:0000000000000000,,0ff77713,3,"andi    a4, a4, 255",,
000000008000efe4,,a4:0000000080011040,,fc843703,3,"ld      a4, -56(s0)",,
000000008000efe8,,a5:000000000000009c,,fb843783,3,"ld      a5, -72(s0)",,
000000008000efec,,a5:00000000800110dc,,000097ba,3,"c.add   a5, a4",,
000000008000efee,,a4:0000000080011053,,fe043703,3,"ld      a4, -32(s0)",,
000000008000efcc,,a5:0000000080011053,,fe043783,3,"ld      a5, -32(s0)",,
000000008000efd0,,a4:0000000080011054,,00178713,3,"addi    a4, a5, 1",,
000000008000efd8,,a4:0000000000000000,,fc442703,3,"lw      a4, -60(s0)",,
000000008000efdc,,a4:0000000000000000,,0ff77713,3,"andi    a4, a4, 255",,
000000008000efe4,,a4:0000000080011040,,fc843703,3,"ld      a4, -56(s0)",,
000000008000efe8,,a5:000000000000009c,,fb843783,3,"ld      a5, -72(s0)",,
000000008000efec,,a5:00000000800110dc,,000097ba,3,"c.add   a5, a4",,
000000008000efee,,a4:0000000080011054,,fe043703,3,"ld      a4, -32(s0)",,
000000008000efcc,,a5:0000000080011054,,fe043783,3,"ld      a5, -32(s0)",,
000000008000efd0,,a4:0000000080011055,,00178713,3,"addi    a4, a5, 1",,
000000008000efd8,,a4:0000000000000000,,fc442703,3,"lw      a4, -60(s0)",,
000000008000efdc,,a4:0000000000000000,,0ff77713,3,"andi    a4, a4, 255",,
000000008000efe4,,a4:0000000080011040,,fc843703,3,"ld      a4, -56(s0)",,
000000008000efe8,,a5:000000000000009c,,fb843783,3,"ld      a5, -72(s0)",,
000000008000efec,,a5:00000000800110dc,,000097ba,3,"c.add   a5, a4",,
000000008000efee,,a4:0000000080011055,,fe043703,3,"ld      a4, -32(s0)",,
000000008000efcc,,a5:0000000080011055,,fe043783,3,"ld      a5, -32(s0)",,
000000008000efd0,,a4:0000000080011056,,00178713,3,"addi    a4, a5, 1",,
000000008000efd8,,a4:0000000000000000,,fc442703,3,"lw      a4, -60(s0)",,
000000008000efdc,,a4:0000000000000000,,0ff77713,3,"andi    a4, a4, 255",,
000000008000efe4,,a4:0000000080011040,,fc843703,3,"ld      a4, -56(s0)",,
000000008000efe8,,a5:000000000000009c,,fb843783,3,"ld      a5, -72(s0)",,
000000008000efec,,a5:00000000800110dc,,000097ba,3,"c.add   a5, a4",,
000000008000efee,,a4:0000000080011056,,fe043703,3,"ld      a4, -32(s0)",,
000000008000efcc,,a5:0000000080011056,,fe043783,3,"ld      a5, -32(s0)",,
000000008000efd0,,a4:0000000080011057,,00178713,3,"addi    a4, a5, 1",,
000000008000efd8,,a4:0000000000000000,,fc442703,3,"lw      a4, -60(s0)",,
000000008000efdc,,a4:0000000000000000,,0ff77713,3,"andi    a4, a4, 255",,
000000008000efe4,,a4:0000000080011040,,fc843703,3,"ld      a4, -56(s0)",,
000000008000efe8,,a5:000000000000009c,,fb843783,3,"ld      a5, -72(s0)",,
000000008000efec,,a5:00000000800110dc,,000097ba,3,"c.add   a5, a4",,
000000008000efee,,a4:0000000080011057,,fe043703,3,"ld      a4, -32(s0)",,
000000008000efcc,,a5:0000000080011057,,fe043783,3,"ld      a5, -32(s0)",,
000000008000efd0,,a4:0000000080011058,,00178713,3,"addi    a4, a5, 1",,
000000008000efd8,,a4:0000000000000000,,fc442703,3,"lw      a4, -60(s0)",,
000000008000efdc,,a4:0000000000000000,,0ff77713,3,"andi    a4, a4, 255",,
000000008000efe4,,a4:0000000080011040,,fc843703,3,"ld      a4, -56(s0)",,
000000008000efe8,,a5:000000000000009c,,fb843783,3,"ld      a5, -72(s0)",,
000000008000efec,,a5:00000000800110dc,,000097ba,3,"c.add   a5, a4",,
000000008000efee,,a4:0000000080011058,,fe043703,3,"ld      a4, -32(s0)",,
000000008000efcc,,a5:0000000080011058,,fe043783,3,"ld      a5, -32(s0)",,
000000008000efd0,,a4:0000000080011059,,00178713,3,"addi    a4, a5, 1",,
000000008000efd8,,a4:0000000000000000,,fc442703,3,"lw      a4, -60(s0)",,
000000008000efdc,,a4:0000000000000000,,0ff77713,3,"andi    a4, a4, 255",,
000000008000efe4,,a4:0000000080011040,,fc843703,3,"ld      a4, -56(s0)",,
000000008000efe8,,a5:000000000000009c,,fb843783,3,"ld      a5, -72(s0)",,
000000008000efec,,a5:00000000800110dc,,000097ba,3,"c.add   a5, a4",,
000000008000efee,,a4:0000000080011059,,fe043703,3,"ld      a4, -32(s0)",,
000000008000efcc,,a5:0000000080011059,,fe043783,3,"ld      a5, -32(s0)",,
000000008000efd0,,a4:000000008001105a,,00178713,3,"addi    a4, a5, 1",,
000000008000efd8,,a4:0000000000000000,,fc442703,3,"lw      a4, -60(s0)",,
000000008000efdc,,a4:0000000000000000,,0ff77713,3,"andi    a4, a4, 255",,
000000008000efe4,,a4:0000000080011040,,fc843703,3,"ld      a4, -56(s0)",,
000000008000efe8,,a5:000000000000009c,,fb843783,3,"ld      a5, -72(s0)",,
000000008000efec,,a5:00000000800110dc,,000097ba,3,"c.add   a5, a4",,
000000008000efee,,a4:000000008001105a,,fe043703,3,"ld      a4, -32(s0)",,
000000008000efcc,,a5:000000008001105a,,fe043783,3,"ld      a5, -32(s0)",,
000000008000efd0,,a4:000000008001105b,,00178713,3,"addi    a4, a5, 1",,
000000008000efd8,,a4:0000000000000000,,fc442703,3,"lw      a4, -60(s0)",,
000000008000efdc,,a4:0000000000000000,,0ff77713,3,"andi    a4, a4, 255",,
000000008000efe4,,a4:0000000080011040,,fc843703,3,"ld      a4, -56(s0)",,
000000008000efe8,,a5:000000000000009c,,fb843783,3,"ld      a5, -72(s0)",,
000000008000efec,,a5:00000000800110dc,,000097ba,3,"c.add   a5, a4",,
000000008000efee,,a4:000000008001105b,,fe043703,3,"ld      a4, -32(s0)",,
000000008000efcc,,a5:000000008001105b,,fe043783,3,"ld      a5, -32(s0)",,
000000008000efd0,,a4:000000008001105c,,00178713,3,"addi    a4, a5, 1",,
000000008000efd8,,a4:0000000000000000,,fc442703,3,"lw      a4, -60(s0)",,
000000008000efdc,,a4:0000000000000000,,0ff77713,3,"andi    a4, a4, 255",,
000000008000efe4,,a4:0000000080011040,,fc843703,3,"ld      a4, -56(s0)",,
000000008000efe8,,a5:000000000000009c,,fb843783,3,"ld      a5, -72(s0)",,
000000008000efec,,a5:00000000800110dc,,000097ba,3,"c.add   a5, a4",,
000000008000efee,,a4:000000008001105c,,fe043703,3,"ld      a4, -32(s0)",,
000000008000efcc,,a5:000000008001105c,,fe043783,3,"ld      a5, -32(s0)",,
000000008000efd0,,a4:000000008001105d,,00178713,3,"addi    a4, a5, 1",,
000000008000efd8,,a4:0000000000000000,,fc442703,3,"lw      a4, -60(s0)",,
000000008000efdc,,a4:0000000000000000,,0ff77713,3,"andi    a4, a4, 255",,
000000008000efe4,,a4:0000000080011040,,fc843703,3,"ld      a4, -56(s0)",,
000000008000efe8,,a5:000000000000009c,,fb843783,3,"ld      a5, -72(s0)",,
000000008000efec,,a5:00000000800110dc,,000097ba,3,"c.add   a5, a4",,
000000008000efee,,a4:000000008001105d,,fe043703,3,"ld      a4, -32(s0)",,
000000008000efcc,,a5:000000008001105d,,fe043783,3,"ld      a5, -32(s0)",,
000000008000efd0,,a4:000000008001105e,,00178713,3,"addi    a4, a5, 1",,
000000008000efd8,,a4:0000000000000000,,fc442703,3,"lw      a4, -60(s0)",,
000000008000efdc,,a4:0000000000000000,,0ff77713,3,"andi    a4, a4, 255",,
000000008000efe4,,a4:0000000080011040,,fc843703,3,"ld      a4, -56(s0)",,
000000008000efe8,,a5:000000000000009c,,fb843783,3,"ld      a5, -72(s0)",,
000000008000efec,,a5:00000000800110dc,,000097ba,3,"c.add   a5, a4",,
000000008000efee,,a4:000000008001105e,,fe043703,3,"ld      a4, -32(s0)",,
000000008000efcc,,a5:000000008001105e,,fe043783,3,"ld      a5, -32(s0)",,
000000008000efd0,,a4:000000008001105f,,00178713,3,"addi    a4, a5, 1",,
000000008000efd8,,a4:0000000000000000,,fc442703,3,"lw      a4, -60(s0)",,
000000008000efdc,,a4:0000000000000000,,0ff77713,3,"andi    a4, a4, 255",,
000000008000efe4,,a4:0000000080011040,,fc843703,3,"ld      a4, -56(s0)",,
000000008000efe8,,a5:000000000000009c,,fb843783,3,"ld      a5, -72(s0)",,
000000008000efec,,a5:00000000800110dc,,000097ba,3,"c.add   a5, a4",,
000000008000efee,,a4:000000008001105f,,fe043703,3,"ld      a4, -32(s0)",,
000000008000efcc,,a5:000000008001105f,,fe043783,3,"ld      a5, -32(s0)",,
000000008000efd0,,a4:0000000080011060,,00178713,3,"addi    a4, a5, 1",,
000000008000efd8,,a4:0000000000000000,,fc442703,3,"lw      a4, -60(s0)",,
000000008000efdc,,a4:0000000000000000,,0ff77713,3,"andi    a4, a4, 255",,
000000008000efe4,,a4:0000000080011040,,fc843703,3,"ld      a4, -56(s0)",,
000000008000efe8,,a5:000000000000009c,,fb843783,3,"ld      a5, -72(s0)",,
000000008000efec,,a5:00000000800110dc,,000097ba,3,"c.add   a5, a4",,
000000008000efee,,a4:0000000080011060,,fe043703,3,"ld      a4, -32(s0)",,
000000008000efcc,,a5:0000000080011060,,fe043783,3,"ld      a5, -32(s0)",,
000000008000efd0,,a4:0000000080011061,,00178713,3,"addi    a4, a5, 1",,
000000008000efd8,,a4:0000000000000000,,fc442703,3,"lw      a4, -60(s0)",,
000000008000efdc,,a4:0000000000000000,,0ff77713,3,"andi    a4, a4, 255",,
000000008000efe4,,a4:0000000080011040,,fc843703,3,"ld      a4, -56(s0)",,
000000008000efe8,,a5:000000000000009c,,fb843783,3,"ld      a5, -72(s0)",,
000000008000efec,,a5:00000000800110dc,,000097ba,3,"c.add   a5, a4",,
000000008000efee,,a4:0000000080011061,,fe043703,3,"ld      a4, -32(s0)",,
000000008000efcc,,a5:0000000080011061,,fe043783,3,"ld      a5, -32(s0)",,
000000008000efd0,,a4:0000000080011062,,00178713,3,"addi    a4, a5, 1",,
000000008000efd8,,a4:0000000000000000,,fc442703,3,"lw      a4, -60(s0)",,
000000008000efdc,,a4:0000000000000000,,0ff77713,3,"andi    a4, a4, 255",,
000000008000efe4,,a4:0000000080011040,,fc843703,3,"ld      a4, -56(s0)",,
000000008000efe8,,a5:000000000000009c,,fb843783,3,"ld      a5, -72(s0)",,
000000008000efec,,a5:00000000800110dc,,000097ba,3,"c.add   a5, a4",,
000000008000efee,,a4:0000000080011062,,fe043703,3,"ld      a4, -32(s0)",,
000000008000efcc,,a5:0000000080011062,,fe043783,3,"ld      a5, -32(s0)",,
000000008000efd0,,a4:0000000080011063,,00178713,3,"addi    a4, a5, 1",,
000000008000efd8,,a4:0000000000000000,,fc442703,3,"lw      a4, -60(s0)",,
000000008000efdc,,a4:0000000000000000,,0ff77713,3,"andi    a4, a4, 255",,
000000008000efe4,,a4:0000000080011040,,fc843703,3,"ld      a4, -56(s0)",,
000000008000efe8,,a5:000000000000009c,,fb843783,3,"ld      a5, -72(s0)",,
000000008000efec,,a5:00000000800110dc,,000097ba,3,"c.add   a5, a4",,
000000008000efee,,a4:0000000080011063,,fe043703,3,"ld      a4, -32(s0)",,
000000008000efcc,,a5:0000000080011063,,fe043783,3,"ld      a5, -32(s0)",,
000000008000efd0,,a4:0000000080011064,,00178713,3,"addi    a4, a5, 1",,
000000008000efd8,,a4:0000000000000000,,fc442703,3,"lw      a4, -60(s0)",,
000000008000efdc,,a4:0000000000000000,,0ff77713,3,"andi    a4, a4, 255",,
000000008000efe4,,a4:0000000080011040,,fc843703,3,"ld      a4, -56(s0)",,
000000008000efe8,,a5:000000000000009c,,fb843783,3,"ld      a5, -72(s0)",,
000000008000efec,,a5:00000000800110dc,,000097ba,3,"c.add   a5, a4",,
000000008000efee,,a4:0000000080011064,,fe043703,3,"ld      a4, -32(s0)",,
000000008000efcc,,a5:0000000080011064,,fe043783,3,"ld      a5, -32(s0)",,
000000008000efd0,,a4:0000000080011065,,00178713,3,"addi    a4, a5, 1",,
000000008000efd8,,a4:0000000000000000,,fc442703,3,"lw      a4, -60(s0)",,
000000008000efdc,,a4:0000000000000000,,0ff77713,3,"andi    a4, a4, 255",,
000000008000efe4,,a4:0000000080011040,,fc843703,3,"ld      a4, -56(s0)",,
000000008000efe8,,a5:000000000000009c,,fb843783,3,"ld      a5, -72(s0)",,
000000008000efec,,a5:00000000800110dc,,000097ba,3,"c.add   a5, a4",,
000000008000efee,,a4:0000000080011065,,fe043703,3,"ld      a4, -32(s0)",,
000000008000efcc,,a5:0000000080011065,,fe043783,3,"ld      a5, -32(s0)",,
000000008000efd0,,a4:0000000080011066,,00178713,3,"addi    a4, a5, 1",,
000000008000efd8,,a4:0000000000000000,,fc442703,3,"lw      a4, -60(s0)",,
000000008000efdc,,a4:0000000000000000,,0ff77713,3,"andi    a4, a4, 255",,
000000008000efe4,,a4:0000000080011040,,fc843703,3,"ld      a4, -56(s0)",,
000000008000efe8,,a5:000000000000009c,,fb843783,3,"ld      a5, -72(s0)",,
000000008000efec,,a5:00000000800110dc,,000097ba,3,"c.add   a5, a4",,
000000008000efee,,a4:0000000080011066,,fe043703,3,"ld      a4, -32(s0)",,
000000008000efcc,,a5:0000000080011066,,fe043783,3,"ld      a5, -32(s0)",,
000000008000efd0,,a4:0000000080011067,,00178713,3,"addi    a4, a5, 1",,
000000008000efd8,,a4:0000000000000000,,fc442703,3,"lw      a4, -60(s0)",,
000000008000efdc,,a4:0000000000000000,,0ff77713,3,"andi    a4, a4, 255",,
000000008000efe4,,a4:0000000080011040,,fc843703,3,"ld      a4, -56(s0)",,
000000008000efe8,,a5:000000000000009c,,fb843783,3,"ld      a5, -72(s0)",,
000000008000efec,,a5:00000000800110dc,,000097ba,3,"c.add   a5, a4",,
000000008000efee,,a4:0000000080011067,,fe043703,3,"ld      a4, -32(s0)",,
000000008000efcc,,a5:0000000080011067,,fe043783,3,"ld      a5, -32(s0)",,
000000008000efd0,,a4:0000000080011068,,00178713,3,"addi    a4, a5, 1",,
000000008000efd8,,a4:0000000000000000,,fc442703,3,"lw      a4, -60(s0)",,
000000008000efdc,,a4:0000000000000000,,0ff77713,3,"andi    a4, a4, 255",,
000000008000efe4,,a4:0000000080011040,,fc843703,3,"ld      a4, -56(s0)",,
000000008000efe8,,a5:000000000000009c,,fb843783,3,"ld      a5, -72(s0)",,
000000008000efec,,a5:00000000800110dc,,000097ba,3,"c.add   a5, a4",,
000000008000efee,,a4:0000000080011068,,fe043703,3,"ld      a4, -32(s0)",,
000000008000efcc,,a5:0000000080011068,,fe043783,3,"ld      a5, -32(s0)",,
000000008000efd0,,a4:0000000080011069,,00178713,3,"addi    a4, a5, 1",,
000000008000efd8,,a4:0000000000000000,,fc442703,3,"lw      a4, -60(s0)",,
000000008000efdc,,a4:0000000000000000,,0ff77713,3,"andi    a4, a4, 255",,
000000008000efe4,,a4:0000000080011040,,fc843703,3,"ld      a4, -56(s0)",,
000000008000efe8,,a5:000000000000009c,,fb843783,3,"ld      a5, -72(s0)",,
000000008000efec,,a5:00000000800110dc,,000097ba,3,"c.add   a5, a4",,
000000008000efee,,a4:0000000080011069,,fe043703,3,"ld      a4, -32(s0)",,
000000008000efcc,,a5:0000000080011069,,fe043783,3,"ld      a5, -32(s0)",,
000000008000efd0,,a4:000000008001106a,,00178713,3,"addi    a4, a5, 1",,
000000008000efd8,,a4:0000000000000000,,fc442703,3,"lw      a4, -60(s0)",,
000000008000efdc,,a4:0000000000000000,,0ff77713,3,"andi    a4, a4, 255",,
000000008000efe4,,a4:0000000080011040,,fc843703,3,"ld      a4, -56(s0)",,
000000008000efe8,,a5:000000000000009c,,fb843783,3,"ld      a5, -72(s0)",,
000000008000efec,,a5:00000000800110dc,,000097ba,3,"c.add   a5, a4",,
000000008000efee,,a4:000000008001106a,,fe043703,3,"ld      a4, -32(s0)",,
000000008000efcc,,a5:000000008001106a,,fe043783,3,"ld      a5, -32(s0)",,
000000008000efd0,,a4:000000008001106b,,00178713,3,"addi    a4, a5, 1",,
000000008000efd8,,a4:0000000000000000,,fc442703,3,"lw      a4, -60(s0)",,
000000008000efdc,,a4:0000000000000000,,0ff77713,3,"andi    a4, a4, 255",,
000000008000efe4,,a4:0000000080011040,,fc843703,3,"ld      a4, -56(s0)",,
000000008000efe8,,a5:000000000000009c,,fb843783,3,"ld      a5, -72(s0)",,
000000008000efec,,a5:00000000800110dc,,000097ba,3,"c.add   a5, a4",,
000000008000efee,,a4:000000008001106b,,fe043703,3,"ld      a4, -32(s0)",,
000000008000efcc,,a5:000000008001106b,,fe043783,3,"ld      a5, -32(s0)",,
000000008000efd0,,a4:000000008001106c,,00178713,3,"addi    a4, a5, 1",,
000000008000efd8,,a4:0000000000000000,,fc442703,3,"lw      a4, -60(s0)",,
000000008000efdc,,a4:0000000000000000,,0ff77713,3,"andi    a4, a4, 255",,
000000008000efe4,,a4:0000000080011040,,fc843703,3,"ld      a4, -56(s0)",,
000000008000efe8,,a5:000000000000009c,,fb843783,3,"ld      a5, -72(s0)",,
000000008000efec,,a5:00000000800110dc,,000097ba,3,"c.add   a5, a4",,
000000008000efee,,a4:000000008001106c,,fe043703,3,"ld      a4, -32(s0)",,
000000008000efcc,,a5:000000008001106c,,fe043783,3,"ld      a5, -32(s0)",,
000000008000efd0,,a4:000000008001106d,,00178713,3,"addi    a4, a5, 1",,
000000008000efd8,,a4:0000000000000000,,fc442703,3,"lw      a4, -60(s0)",,
000000008000efdc,,a4:0000000000000000,,0ff77713,3,"andi    a4, a4, 255",,
000000008000efe4,,a4:0000000080011040,,fc843703,3,"ld      a4, -56(s0)",,
000000008000efe8,,a5:000000000000009c,,fb843783,3,"ld      a5, -72(s0)",,
000000008000efec,,a5:00000000800110dc,,000097ba,3,"c.add   a5, a4",,
000000008000efee,,a4:000000008001106d,,fe043703,3,"ld      a4, -32(s0)",,
000000008000efcc,,a5:000000008001106d,,fe043783,3,"ld      a5, -32(s0)",,
000000008000efd0,,a4:000000008001106e,,00178713,3,"addi    a4, a5, 1",,
000000008000efd8,,a4:0000000000000000,,fc442703,3,"lw      a4, -60(s0)",,
000000008000efdc,,a4:0000000000000000,,0ff77713,3,"andi    a4, a4, 255",,
000000008000efe4,,a4:0000000080011040,,fc843703,3,"ld      a4, -56(s0)",,
000000008000efe8,,a5:000000000000009c,,fb843783,3,"ld      a5, -72(s0)",,
000000008000efec,,a5:00000000800110dc,,000097ba,3,"c.add   a5, a4",,
000000008000efee,,a4:000000008001106e,,fe043703,3,"ld      a4, -32(s0)",,
000000008000efcc,,a5:000000008001106e,,fe043783,3,"ld      a5, -32(s0)",,
000000008000efd0,,a4:000000008001106f,,00178713,3,"addi    a4, a5, 1",,
000000008000efd8,,a4:0000000000000000,,fc442703,3,"lw      a4, -60(s0)",,
000000008000efdc,,a4:0000000000000000,,0ff77713,3,"andi    a4, a4, 255",,
000000008000efe4,,a4:0000000080011040,,fc843703,3,"ld      a4, -56(s0)",,
000000008000efe8,,a5:000000000000009c,,fb843783,3,"ld      a5, -72(s0)",,
000000008000efec,,a5:00000000800110dc,,000097ba,3,"c.add   a5, a4",,
000000008000efee,,a4:000000008001106f,,fe043703,3,"ld      a4, -32(s0)",,
000000008000efcc,,a5:000000008001106f,,fe043783,3,"ld      a5, -32(s0)",,
000000008000efd0,,a4:0000000080011070,,00178713,3,"addi    a4, a5, 1",,
000000008000efd8,,a4:0000000000000000,,fc442703,3,"lw      a4, -60(s0)",,
000000008000efdc,,a4:0000000000000000,,0ff77713,3,"andi    a4, a4, 255",,
000000008000efe4,,a4:0000000080011040,,fc843703,3,"ld      a4, -56(s0)",,
000000008000efe8,,a5:000000000000009c,,fb843783,3,"ld      a5, -72(s0)",,
000000008000efec,,a5:00000000800110dc,,000097ba,3,"c.add   a5, a4",,
000000008000efee,,a4:0000000080011070,,fe043703,3,"ld      a4, -32(s0)",,
000000008000efcc,,a5:0000000080011070,,fe043783,3,"ld      a5, -32(s0)",,
000000008000efd0,,a4:0000000080011071,,00178713,3,"addi    a4, a5, 1",,
000000008000efd8,,a4:0000000000000000,,fc442703,3,"lw      a4, -60(s0)",,
000000008000efdc,,a4:0000000000000000,,0ff77713,3,"andi    a4, a4, 255",,
000000008000efe4,,a4:0000000080011040,,fc843703,3,"ld      a4, -56(s0)",,
000000008000efe8,,a5:000000000000009c,,fb843783,3,"ld      a5, -72(s0)",,
000000008000efec,,a5:00000000800110dc,,000097ba,3,"c.add   a5, a4",,
000000008000efee,,a4:0000000080011071,,fe043703,3,"ld      a4, -32(s0)",,
000000008000efcc,,a5:0000000080011071,,fe043783,3,"ld      a5, -32(s0)",,
000000008000efd0,,a4:0000000080011072,,00178713,3,"addi    a4, a5, 1",,
000000008000efd8,,a4:0000000000000000,,fc442703,3,"lw      a4, -60(s0)",,
000000008000efdc,,a4:0000000000000000,,0ff77713,3,"andi    a4, a4, 255",,
000000008000efe4,,a4:0000000080011040,,fc843703,3,"ld      a4, -56(s0)",,
000000008000efe8,,a5:000000000000009c,,fb843783,3,"ld      a5, -72(s0)",,
000000008000efec,,a5:00000000800110dc,,000097ba,3,"c.add   a5, a4",,
000000008000efee,,a4:0000000080011072,,fe043703,3,"ld      a4, -32(s0)",,
000000008000efcc,,a5:0000000080011072,,fe043783,3,"ld      a5, -32(s0)",,
000000008000efd0,,a4:0000000080011073,,00178713,3,"addi    a4, a5, 1",,
000000008000efd8,,a4:0000000000000000,,fc442703,3,"lw      a4, -60(s0)",,
000000008000efdc,,a4:0000000000000000,,0ff77713,3,"andi    a4, a4, 255",,
000000008000efe4,,a4:0000000080011040,,fc843703,3,"ld      a4, -56(s0)",,
000000008000efe8,,a5:000000000000009c,,fb843783,3,"ld      a5, -72(s0)",,
000000008000efec,,a5:00000000800110dc,,000097ba,3,"c.add   a5, a4",,
000000008000efee,,a4:0000000080011073,,fe043703,3,"ld      a4, -32(s0)",,
000000008000efcc,,a5:0000000080011073,,fe043783,3,"ld      a5, -32(s0)",,
000000008000efd0,,a4:0000000080011074,,00178713,3,"addi    a4, a5, 1",,
000000008000efd8,,a4:0000000000000000,,fc442703,3,"lw      a4, -60(s0)",,
000000008000efdc,,a4:0000000000000000,,0ff77713,3,"andi    a4, a4, 255",,
000000008000efe4,,a4:0000000080011040,,fc843703,3,"ld      a4, -56(s0)",,
000000008000efe8,,a5:000000000000009c,,fb843783,3,"ld      a5, -72(s0)",,
000000008000efec,,a5:00000000800110dc,,000097ba,3,"c.add   a5, a4",,
000000008000efee,,a4:0000000080011074,,fe043703,3,"ld      a4, -32(s0)",,
000000008000efcc,,a5:0000000080011074,,fe043783,3,"ld      a5, -32(s0)",,
000000008000efd0,,a4:0000000080011075,,00178713,3,"addi    a4, a5, 1",,
000000008000efd8,,a4:0000000000000000,,fc442703,3,"lw      a4, -60(s0)",,
000000008000efdc,,a4:0000000000000000,,0ff77713,3,"andi    a4, a4, 255",,
000000008000efe4,,a4:0000000080011040,,fc843703,3,"ld      a4, -56(s0)",,
000000008000efe8,,a5:000000000000009c,,fb843783,3,"ld      a5, -72(s0)",,
000000008000efec,,a5:00000000800110dc,,000097ba,3,"c.add   a5, a4",,
000000008000efee,,a4:0000000080011075,,fe043703,3,"ld      a4, -32(s0)",,
000000008000efcc,,a5:0000000080011075,,fe043783,3,"ld      a5, -32(s0)",,
000000008000efd0,,a4:0000000080011076,,00178713,3,"addi    a4, a5, 1",,
000000008000efd8,,a4:0000000000000000,,fc442703,3,"lw      a4, -60(s0)",,
000000008000efdc,,a4:0000000000000000,,0ff77713,3,"andi    a4, a4, 255",,
000000008000efe4,,a4:0000000080011040,,fc843703,3,"ld      a4, -56(s0)",,
000000008000efe8,,a5:000000000000009c,,fb843783,3,"ld      a5, -72(s0)",,
000000008000efec,,a5:00000000800110dc,,000097ba,3,"c.add   a5, a4",,
000000008000efee,,a4:0000000080011076,,fe043703,3,"ld      a4, -32(s0)",,
000000008000efcc,,a5:0000000080011076,,fe043783,3,"ld      a5, -32(s0)",,
000000008000efd0,,a4:0000000080011077,,00178713,3,"addi    a4, a5, 1",,
000000008000efd8,,a4:0000000000000000,,fc442703,3,"lw      a4, -60(s0)",,
000000008000efdc,,a4:0000000000000000,,0ff77713,3,"andi    a4, a4, 255",,
000000008000efe4,,a4:0000000080011040,,fc843703,3,"ld      a4, -56(s0)",,
000000008000efe8,,a5:000000000000009c,,fb843783,3,"ld      a5, -72(s0)",,
000000008000efec,,a5:00000000800110dc,,000097ba,3,"c.add   a5, a4",,
000000008000efee,,a4:0000000080011077,,fe043703,3,"ld      a4, -32(s0)",,
000000008000efcc,,a5:0000000080011077,,fe043783,3,"ld      a5, -32(s0)",,
000000008000efd0,,a4:0000000080011078,,00178713,3,"addi    a4, a5, 1",,
000000008000efd8,,a4:0000000000000000,,fc442703,3,"lw      a4, -60(s0)",,
000000008000efdc,,a4:0000000000000000,,0ff77713,3,"andi    a4, a4, 255",,
000000008000efe4,,a4:0000000080011040,,fc843703,3,"ld      a4, -56(s0)",,
000000008000efe8,,a5:000000000000009c,,fb843783,3,"ld      a5, -72(s0)",,
000000008000efec,,a5:00000000800110dc,,000097ba,3,"c.add   a5, a4",,
000000008000efee,,a4:0000000080011078,,fe043703,3,"ld      a4, -32(s0)",,
000000008000efcc,,a5:0000000080011078,,fe043783,3,"ld      a5, -32(s0)",,
000000008000efd0,,a4:0000000080011079,,00178713,3,"addi    a4, a5, 1",,
000000008000efd8,,a4:0000000000000000,,fc442703,3,"lw      a4, -60(s0)",,
000000008000efdc,,a4:0000000000000000,,0ff77713,3,"andi    a4, a4, 255",,
000000008000efe4,,a4:0000000080011040,,fc843703,3,"ld      a4, -56(s0)",,
000000008000efe8,,a5:000000000000009c,,fb843783,3,"ld      a5, -72(s0)",,
000000008000efec,,a5:00000000800110dc,,000097ba,3,"c.add   a5, a4",,
000000008000efee,,a4:0000000080011079,,fe043703,3,"ld      a4, -32(s0)",,
000000008000efcc,,a5:0000000080011079,,fe043783,3,"ld      a5, -32(s0)",,
000000008000efd0,,a4:000000008001107a,,00178713,3,"addi    a4, a5, 1",,
000000008000efd8,,a4:0000000000000000,,fc442703,3,"lw      a4, -60(s0)",,
000000008000efdc,,a4:0000000000000000,,0ff77713,3,"andi    a4, a4, 255",,
000000008000efe4,,a4:0000000080011040,,fc843703,3,"ld      a4, -56(s0)",,
000000008000efe8,,a5:000000000000009c,,fb843783,3,"ld      a5, -72(s0)",,
000000008000efec,,a5:00000000800110dc,,000097ba,3,"c.add   a5, a4",,
000000008000efee,,a4:000000008001107a,,fe043703,3,"ld      a4, -32(s0)",,
000000008000efcc,,a5:000000008001107a,,fe043783,3,"ld      a5, -32(s0)",,
000000008000efd0,,a4:000000008001107b,,00178713,3,"addi    a4, a5, 1",,
000000008000efd8,,a4:0000000000000000,,fc442703,3,"lw      a4, -60(s0)",,
000000008000efdc,,a4:0000000000000000,,0ff77713,3,"andi    a4, a4, 255",,
000000008000efe4,,a4:0000000080011040,,fc843703,3,"ld      a4, -56(s0)",,
000000008000efe8,,a5:000000000000009c,,fb843783,3,"ld      a5, -72(s0)",,
000000008000efec,,a5:00000000800110dc,,000097ba,3,"c.add   a5, a4",,
000000008000efee,,a4:000000008001107b,,fe043703,3,"ld      a4, -32(s0)",,
000000008000efcc,,a5:000000008001107b,,fe043783,3,"ld      a5, -32(s0)",,
000000008000efd0,,a4:000000008001107c,,00178713,3,"addi    a4, a5, 1",,
000000008000efd8,,a4:0000000000000000,,fc442703,3,"lw      a4, -60(s0)",,
000000008000efdc,,a4:0000000000000000,,0ff77713,3,"andi    a4, a4, 255",,
000000008000efe4,,a4:0000000080011040,,fc843703,3,"ld      a4, -56(s0)",,
000000008000efe8,,a5:000000000000009c,,fb843783,3,"ld      a5, -72(s0)",,
000000008000efec,,a5:00000000800110dc,,000097ba,3,"c.add   a5, a4",,
000000008000efee,,a4:000000008001107c,,fe043703,3,"ld      a4, -32(s0)",,
000000008000efcc,,a5:000000008001107c,,fe043783,3,"ld      a5, -32(s0)",,
000000008000efd0,,a4:000000008001107d,,00178713,3,"addi    a4, a5, 1",,
000000008000efd8,,a4:0000000000000000,,fc442703,3,"lw      a4, -60(s0)",,
000000008000efdc,,a4:0000000000000000,,0ff77713,3,"andi    a4, a4, 255",,
000000008000efe4,,a4:0000000080011040,,fc843703,3,"ld      a4, -56(s0)",,
000000008000efe8,,a5:000000000000009c,,fb843783,3,"ld      a5, -72(s0)",,
000000008000efec,,a5:00000000800110dc,,000097ba,3,"c.add   a5, a4",,
000000008000efee,,a4:000000008001107d,,fe043703,3,"ld      a4, -32(s0)",,
000000008000efcc,,a5:000000008001107d,,fe043783,3,"ld      a5, -32(s0)",,
000000008000efd0,,a4:000000008001107e,,00178713,3,"addi    a4, a5, 1",,
000000008000efd8,,a4:0000000000000000,,fc442703,3,"lw      a4, -60(s0)",,
000000008000efdc,,a4:0000000000000000,,0ff77713,3,"andi    a4, a4, 255",,
000000008000efe4,,a4:0000000080011040,,fc843703,3,"ld      a4, -56(s0)",,
000000008000efe8,,a5:000000000000009c,,fb843783,3,"ld      a5, -72(s0)",,
000000008000efec,,a5:00000000800110dc,,000097ba,3,"c.add   a5, a4",,
000000008000efee,,a4:000000008001107e,,fe043703,3,"ld      a4, -32(s0)",,
000000008000efcc,,a5:000000008001107e,,fe043783,3,"ld      a5, -32(s0)",,
000000008000efd0,,a4:000000008001107f,,00178713,3,"addi    a4, a5, 1",,
000000008000efd8,,a4:0000000000000000,,fc442703,3,"lw      a4, -60(s0)",,
000000008000efdc,,a4:0000000000000000,,0ff77713,3,"andi    a4, a4, 255",,
000000008000efe4,,a4:0000000080011040,,fc843703,3,"ld      a4, -56(s0)",,
000000008000efe8,,a5:000000000000009c,,fb843783,3,"ld      a5, -72(s0)",,
000000008000efec,,a5:00000000800110dc,,000097ba,3,"c.add   a5, a4",,
000000008000efee,,a4:000000008001107f,,fe043703,3,"ld      a4, -32(s0)",,
000000008000efcc,,a5:000000008001107f,,fe043783,3,"ld      a5, -32(s0)",,
000000008000efd0,,a4:0000000080011080,,00178713,3,"addi    a4, a5, 1",,
000000008000efd8,,a4:0000000000000000,,fc442703,3,"lw      a4, -60(s0)",,
000000008000efdc,,a4:0000000000000000,,0ff77713,3,"andi    a4, a4, 255",,
000000008000efe4,,a4:0000000080011040,,fc843703,3,"ld      a4, -56(s0)",,
000000008000efe8,,a5:000000000000009c,,fb843783,3,"ld      a5, -72(s0)",,
000000008000efec,,a5:00000000800110dc,,000097ba,3,"c.add   a5, a4",,
000000008000efee,,a4:0000000080011080,,fe043703,3,"ld      a4, -32(s0)",,
000000008000efcc,,a5:0000000080011080,,fe043783,3,"ld      a5, -32(s0)",,
000000008000efd0,,a4:0000000080011081,,00178713,3,"addi    a4, a5, 1",,
000000008000efd8,,a4:0000000000000000,,fc442703,3,"lw      a4, -60(s0)",,
000000008000efdc,,a4:0000000000000000,,0ff77713,3,"andi    a4, a4, 255",,
000000008000efe4,,a4:0000000080011040,,fc843703,3,"ld      a4, -56(s0)",,
000000008000efe8,,a5:000000000000009c,,fb843783,3,"ld      a5, -72(s0)",,
000000008000efec,,a5:00000000800110dc,,000097ba,3,"c.add   a5, a4",,
000000008000efee,,a4:0000000080011081,,fe043703,3,"ld      a4, -32(s0)",,
000000008000efcc,,a5:0000000080011081,,fe043783,3,"ld      a5, -32(s0)",,
000000008000efd0,,a4:0000000080011082,,00178713,3,"addi    a4, a5, 1",,
000000008000efd8,,a4:0000000000000000,,fc442703,3,"lw      a4, -60(s0)",,
000000008000efdc,,a4:0000000000000000,,0ff77713,3,"andi    a4, a4, 255",,
000000008000efe4,,a4:0000000080011040,,fc843703,3,"ld      a4, -56(s0)",,
000000008000efe8,,a5:000000000000009c,,fb843783,3,"ld      a5, -72(s0)",,
000000008000efec,,a5:00000000800110dc,,000097ba,3,"c.add   a5, a4",,
000000008000efee,,a4:0000000080011082,,fe043703,3,"ld      a4, -32(s0)",,
000000008000efcc,,a5:0000000080011082,,fe043783,3,"ld      a5, -32(s0)",,
000000008000efd0,,a4:0000000080011083,,00178713,3,"addi    a4, a5, 1",,
000000008000efd8,,a4:0000000000000000,,fc442703,3,"lw      a4, -60(s0)",,
000000008000efdc,,a4:0000000000000000,,0ff77713,3,"andi    a4, a4, 255",,
000000008000efe4,,a4:0000000080011040,,fc843703,3,"ld      a4, -56(s0)",,
000000008000efe8,,a5:000000000000009c,,fb843783,3,"ld      a5, -72(s0)",,
000000008000efec,,a5:00000000800110dc,,000097ba,3,"c.add   a5, a4",,
000000008000efee,,a4:0000000080011083,,fe043703,3,"ld      a4, -32(s0)",,
000000008000efcc,,a5:0000000080011083,,fe043783,3,"ld      a5, -32(s0)",,
000000008000efd0,,a4:0000000080011084,,00178713,3,"addi    a4, a5, 1",,
000000008000efd8,,a4:0000000000000000,,fc442703,3,"lw      a4, -60(s0)",,
000000008000efdc,,a4:0000000000000000,,0ff77713,3,"andi    a4, a4, 255",,
000000008000efe4,,a4:0000000080011040,,fc843703,3,"ld      a4, -56(s0)",,
000000008000efe8,,a5:000000000000009c,,fb843783,3,"ld      a5, -72(s0)",,
000000008000efec,,a5:00000000800110dc,,000097ba,3,"c.add   a5, a4",,
000000008000efee,,a4:0000000080011084,,fe043703,3,"ld      a4, -32(s0)",,
000000008000efcc,,a5:0000000080011084,,fe043783,3,"ld      a5, -32(s0)",,
000000008000efd0,,a4:0000000080011085,,00178713,3,"addi    a4, a5, 1",,
000000008000efd8,,a4:0000000000000000,,fc442703,3,"lw      a4, -60(s0)",,
000000008000efdc,,a4:0000000000000000,,0ff77713,3,"andi    a4, a4, 255",,
000000008000efe4,,a4:0000000080011040,,fc843703,3,"ld      a4, -56(s0)",,
000000008000efe8,,a5:000000000000009c,,fb843783,3,"ld      a5, -72(s0)",,
000000008000efec,,a5:00000000800110dc,,000097ba,3,"c.add   a5, a4",,
000000008000efee,,a4:0000000080011085,,fe043703,3,"ld      a4, -32(s0)",,
000000008000efcc,,a5:0000000080011085,,fe043783,3,"ld      a5, -32(s0)",,
000000008000efd0,,a4:0000000080011086,,00178713,3,"addi    a4, a5, 1",,
000000008000efd8,,a4:0000000000000000,,fc442703,3,"lw      a4, -60(s0)",,
000000008000efdc,,a4:0000000000000000,,0ff77713,3,"andi    a4, a4, 255",,
000000008000efe4,,a4:0000000080011040,,fc843703,3,"ld      a4, -56(s0)",,
000000008000efe8,,a5:000000000000009c,,fb843783,3,"ld      a5, -72(s0)",,
000000008000efec,,a5:00000000800110dc,,000097ba,3,"c.add   a5, a4",,
000000008000efee,,a4:0000000080011086,,fe043703,3,"ld      a4, -32(s0)",,
000000008000efcc,,a5:0000000080011086,,fe043783,3,"ld      a5, -32(s0)",,
000000008000efd0,,a4:0000000080011087,,00178713,3,"addi    a4, a5, 1",,
000000008000efd8,,a4:0000000000000000,,fc442703,3,"lw      a4, -60(s0)",,
000000008000efdc,,a4:0000000000000000,,0ff77713,3,"andi    a4, a4, 255",,
000000008000efe4,,a4:0000000080011040,,fc843703,3,"ld      a4, -56(s0)",,
000000008000efe8,,a5:000000000000009c,,fb843783,3,"ld      a5, -72(s0)",,
000000008000efec,,a5:00000000800110dc,,000097ba,3,"c.add   a5, a4",,
000000008000efee,,a4:0000000080011087,,fe043703,3,"ld      a4, -32(s0)",,
000000008000efcc,,a5:0000000080011087,,fe043783,3,"ld      a5, -32(s0)",,
000000008000efd0,,a4:0000000080011088,,00178713,3,"addi    a4, a5, 1",,
000000008000efd8,,a4:0000000000000000,,fc442703,3,"lw      a4, -60(s0)",,
000000008000efdc,,a4:0000000000000000,,0ff77713,3,"andi    a4, a4, 255",,
000000008000efe4,,a4:0000000080011040,,fc843703,3,"ld      a4, -56(s0)",,
000000008000efe8,,a5:000000000000009c,,fb843783,3,"ld      a5, -72(s0)",,
000000008000efec,,a5:00000000800110dc,,000097ba,3,"c.add   a5, a4",,
000000008000efee,,a4:0000000080011088,,fe043703,3,"ld      a4, -32(s0)",,
000000008000efcc,,a5:0000000080011088,,fe043783,3,"ld      a5, -32(s0)",,
000000008000efd0,,a4:0000000080011089,,00178713,3,"addi    a4, a5, 1",,
000000008000efd8,,a4:0000000000000000,,fc442703,3,"lw      a4, -60(s0)",,
000000008000efdc,,a4:0000000000000000,,0ff77713,3,"andi    a4, a4, 255",,
000000008000efe4,,a4:0000000080011040,,fc843703,3,"ld      a4, -56(s0)",,
000000008000efe8,,a5:000000000000009c,,fb843783,3,"ld      a5, -72(s0)",,
000000008000efec,,a5:00000000800110dc,,000097ba,3,"c.add   a5, a4",,
000000008000efee,,a4:0000000080011089,,fe043703,3,"ld      a4, -32(s0)",,
000000008000efcc,,a5:0000000080011089,,fe043783,3,"ld      a5, -32(s0)",,
000000008000efd0,,a4:000000008001108a,,00178713,3,"addi    a4, a5, 1",,
000000008000efd8,,a4:0000000000000000,,fc442703,3,"lw      a4, -60(s0)",,
000000008000efdc,,a4:0000000000000000,,0ff77713,3,"andi    a4, a4, 255",,
000000008000efe4,,a4:0000000080011040,,fc843703,3,"ld      a4, -56(s0)",,
000000008000efe8,,a5:000000000000009c,,fb843783,3,"ld      a5, -72(s0)",,
000000008000efec,,a5:00000000800110dc,,000097ba,3,"c.add   a5, a4",,
000000008000efee,,a4:000000008001108a,,fe043703,3,"ld      a4, -32(s0)",,
000000008000efcc,,a5:000000008001108a,,fe043783,3,"ld      a5, -32(s0)",,
000000008000efd0,,a4:000000008001108b,,00178713,3,"addi    a4, a5, 1",,
000000008000efd8,,a4:0000000000000000,,fc442703,3,"lw      a4, -60(s0)",,
000000008000efdc,,a4:0000000000000000,,0ff77713,3,"andi    a4, a4, 255",,
000000008000efe4,,a4:0000000080011040,,fc843703,3,"ld      a4, -56(s0)",,
000000008000efe8,,a5:000000000000009c,,fb843783,3,"ld      a5, -72(s0)",,
000000008000efec,,a5:00000000800110dc,,000097ba,3,"c.add   a5, a4",,
000000008000efee,,a4:000000008001108b,,fe043703,3,"ld      a4, -32(s0)",,
000000008000efcc,,a5:000000008001108b,,fe043783,3,"ld      a5, -32(s0)",,
000000008000efd0,,a4:000000008001108c,,00178713,3,"addi    a4, a5, 1",,
000000008000efd8,,a4:0000000000000000,,fc442703,3,"lw      a4, -60(s0)",,
000000008000efdc,,a4:0000000000000000,,0ff77713,3,"andi    a4, a4, 255",,
000000008000efe4,,a4:0000000080011040,,fc843703,3,"ld      a4, -56(s0)",,
000000008000efe8,,a5:000000000000009c,,fb843783,3,"ld      a5, -72(s0)",,
000000008000efec,,a5:00000000800110dc,,000097ba,3,"c.add   a5, a4",,
000000008000efee,,a4:000000008001108c,,fe043703,3,"ld      a4, -32(s0)",,
000000008000efcc,,a5:000000008001108c,,fe043783,3,"ld      a5, -32(s0)",,
000000008000efd0,,a4:000000008001108d,,00178713,3,"addi    a4, a5, 1",,
000000008000efd8,,a4:0000000000000000,,fc442703,3,"lw      a4, -60(s0)",,
000000008000efdc,,a4:0000000000000000,,0ff77713,3,"andi    a4, a4, 255",,
000000008000efe4,,a4:0000000080011040,,fc843703,3,"ld      a4, -56(s0)",,
000000008000efe8,,a5:000000000000009c,,fb843783,3,"ld      a5, -72(s0)",,
000000008000efec,,a5:00000000800110dc,,000097ba,3,"c.add   a5, a4",,
000000008000efee,,a4:000000008001108d,,fe043703,3,"ld      a4, -32(s0)",,
000000008000efcc,,a5:000000008001108d,,fe043783,3,"ld      a5, -32(s0)",,
000000008000efd0,,a4:000000008001108e,,00178713,3,"addi    a4, a5, 1",,
000000008000efd8,,a4:0000000000000000,,fc442703,3,"lw      a4, -60(s0)",,
000000008000efdc,,a4:0000000000000000,,0ff77713,3,"andi    a4, a4, 255",,
000000008000efe4,,a4:0000000080011040,,fc843703,3,"ld      a4, -56(s0)",,
000000008000efe8,,a5:000000000000009c,,fb843783,3,"ld      a5, -72(s0)",,
000000008000efec,,a5:00000000800110dc,,000097ba,3,"c.add   a5, a4",,
000000008000efee,,a4:000000008001108e,,fe043703,3,"ld      a4, -32(s0)",,
000000008000efcc,,a5:000000008001108e,,fe043783,3,"ld      a5, -32(s0)",,
000000008000efd0,,a4:000000008001108f,,00178713,3,"addi    a4, a5, 1",,
000000008000efd8,,a4:0000000000000000,,fc442703,3,"lw      a4, -60(s0)",,
000000008000efdc,,a4:0000000000000000,,0ff77713,3,"andi    a4, a4, 255",,
000000008000efe4,,a4:0000000080011040,,fc843703,3,"ld      a4, -56(s0)",,
000000008000efe8,,a5:000000000000009c,,fb843783,3,"ld      a5, -72(s0)",,
000000008000efec,,a5:00000000800110dc,,000097ba,3,"c.add   a5, a4",,
000000008000efee,,a4:000000008001108f,,fe043703,3,"ld      a4, -32(s0)",,
000000008000efcc,,a5:000000008001108f,,fe043783,3,"ld      a5, -32(s0)",,
000000008000efd0,,a4:0000000080011090,,00178713,3,"addi    a4, a5, 1",,
000000008000efd8,,a4:0000000000000000,,fc442703,3,"lw      a4, -60(s0)",,
000000008000efdc,,a4:0000000000000000,,0ff77713,3,"andi    a4, a4, 255",,
000000008000efe4,,a4:0000000080011040,,fc843703,3,"ld      a4, -56(s0)",,
000000008000efe8,,a5:000000000000009c,,fb843783,3,"ld      a5, -72(s0)",,
000000008000efec,,a5:00000000800110dc,,000097ba,3,"c.add   a5, a4",,
000000008000efee,,a4:0000000080011090,,fe043703,3,"ld      a4, -32(s0)",,
000000008000efcc,,a5:0000000080011090,,fe043783,3,"ld      a5, -32(s0)",,
000000008000efd0,,a4:0000000080011091,,00178713,3,"addi    a4, a5, 1",,
000000008000efd8,,a4:0000000000000000,,fc442703,3,"lw      a4, -60(s0)",,
000000008000efdc,,a4:0000000000000000,,0ff77713,3,"andi    a4, a4, 255",,
000000008000efe4,,a4:0000000080011040,,fc843703,3,"ld      a4, -56(s0)",,
000000008000efe8,,a5:000000000000009c,,fb843783,3,"ld      a5, -72(s0)",,
000000008000efec,,a5:00000000800110dc,,000097ba,3,"c.add   a5, a4",,
000000008000efee,,a4:0000000080011091,,fe043703,3,"ld      a4, -32(s0)",,
000000008000efcc,,a5:0000000080011091,,fe043783,3,"ld      a5, -32(s0)",,
000000008000efd0,,a4:0000000080011092,,00178713,3,"addi    a4, a5, 1",,
000000008000efd8,,a4:0000000000000000,,fc442703,3,"lw      a4, -60(s0)",,
000000008000efdc,,a4:0000000000000000,,0ff77713,3,"andi    a4, a4, 255",,
000000008000efe4,,a4:0000000080011040,,fc843703,3,"ld      a4, -56(s0)",,
000000008000efe8,,a5:000000000000009c,,fb843783,3,"ld      a5, -72(s0)",,
000000008000efec,,a5:00000000800110dc,,000097ba,3,"c.add   a5, a4",,
000000008000efee,,a4:0000000080011092,,fe043703,3,"ld      a4, -32(s0)",,
000000008000efcc,,a5:0000000080011092,,fe043783,3,"ld      a5, -32(s0)",,
000000008000efd0,,a4:0000000080011093,,00178713,3,"addi    a4, a5, 1",,
000000008000efd8,,a4:0000000000000000,,fc442703,3,"lw      a4, -60(s0)",,
000000008000efdc,,a4:0000000000000000,,0ff77713,3,"andi    a4, a4, 255",,
000000008000efe4,,a4:0000000080011040,,fc843703,3,"ld      a4, -56(s0)",,
000000008000efe8,,a5:000000000000009c,,fb843783,3,"ld      a5, -72(s0)",,
000000008000efec,,a5:00000000800110dc,,000097ba,3,"c.add   a5, a4",,
000000008000efee,,a4:0000000080011093,,fe043703,3,"ld      a4, -32(s0)",,
000000008000efcc,,a5:0000000080011093,,fe043783,3,"ld      a5, -32(s0)",,
000000008000efd0,,a4:0000000080011094,,00178713,3,"addi    a4, a5, 1",,
000000008000efd8,,a4:0000000000000000,,fc442703,3,"lw      a4, -60(s0)",,
000000008000efdc,,a4:0000000000000000,,0ff77713,3,"andi    a4, a4, 255",,
000000008000efe4,,a4:0000000080011040,,fc843703,3,"ld      a4, -56(s0)",,
000000008000efe8,,a5:000000000000009c,,fb843783,3,"ld      a5, -72(s0)",,
000000008000efec,,a5:00000000800110dc,,000097ba,3,"c.add   a5, a4",,
000000008000efee,,a4:0000000080011094,,fe043703,3,"ld      a4, -32(s0)",,
000000008000efcc,,a5:0000000080011094,,fe043783,3,"ld      a5, -32(s0)",,
000000008000efd0,,a4:0000000080011095,,00178713,3,"addi    a4, a5, 1",,
000000008000efd8,,a4:0000000000000000,,fc442703,3,"lw      a4, -60(s0)",,
000000008000efdc,,a4:0000000000000000,,0ff77713,3,"andi    a4, a4, 255",,
000000008000efe4,,a4:0000000080011040,,fc843703,3,"ld      a4, -56(s0)",,
000000008000efe8,,a5:000000000000009c,,fb843783,3,"ld      a5, -72(s0)",,
000000008000efec,,a5:00000000800110dc,,000097ba,3,"c.add   a5, a4",,
000000008000efee,,a4:0000000080011095,,fe043703,3,"ld      a4, -32(s0)",,
000000008000efcc,,a5:0000000080011095,,fe043783,3,"ld      a5, -32(s0)",,
000000008000efd0,,a4:0000000080011096,,00178713,3,"addi    a4, a5, 1",,
000000008000efd8,,a4:0000000000000000,,fc442703,3,"lw      a4, -60(s0)",,
000000008000efdc,,a4:0000000000000000,,0ff77713,3,"andi    a4, a4, 255",,
000000008000efe4,,a4:0000000080011040,,fc843703,3,"ld      a4, -56(s0)",,
000000008000efe8,,a5:000000000000009c,,fb843783,3,"ld      a5, -72(s0)",,
000000008000efec,,a5:00000000800110dc,,000097ba,3,"c.add   a5, a4",,
000000008000efee,,a4:0000000080011096,,fe043703,3,"ld      a4, -32(s0)",,
000000008000efcc,,a5:0000000080011096,,fe043783,3,"ld      a5, -32(s0)",,
000000008000efd0,,a4:0000000080011097,,00178713,3,"addi    a4, a5, 1",,
000000008000efd8,,a4:0000000000000000,,fc442703,3,"lw      a4, -60(s0)",,
000000008000efdc,,a4:0000000000000000,,0ff77713,3,"andi    a4, a4, 255",,
000000008000efe4,,a4:0000000080011040,,fc843703,3,"ld      a4, -56(s0)",,
000000008000efe8,,a5:000000000000009c,,fb843783,3,"ld      a5, -72(s0)",,
000000008000efec,,a5:00000000800110dc,,000097ba,3,"c.add   a5, a4",,
000000008000efee,,a4:0000000080011097,,fe043703,3,"ld      a4, -32(s0)",,
000000008000efcc,,a5:0000000080011097,,fe043783,3,"ld      a5, -32(s0)",,
000000008000efd0,,a4:0000000080011098,,00178713,3,"addi    a4, a5, 1",,
000000008000efd8,,a4:0000000000000000,,fc442703,3,"lw      a4, -60(s0)",,
000000008000efdc,,a4:0000000000000000,,0ff77713,3,"andi    a4, a4, 255",,
000000008000efe4,,a4:0000000080011040,,fc843703,3,"ld      a4, -56(s0)",,
000000008000efe8,,a5:000000000000009c,,fb843783,3,"ld      a5, -72(s0)",,
000000008000efec,,a5:00000000800110dc,,000097ba,3,"c.add   a5, a4",,
000000008000efee,,a4:0000000080011098,,fe043703,3,"ld      a4, -32(s0)",,
000000008000efcc,,a5:0000000080011098,,fe043783,3,"ld      a5, -32(s0)",,
000000008000efd0,,a4:0000000080011099,,00178713,3,"addi    a4, a5, 1",,
000000008000efd8,,a4:0000000000000000,,fc442703,3,"lw      a4, -60(s0)",,
000000008000efdc,,a4:0000000000000000,,0ff77713,3,"andi    a4, a4, 255",,
000000008000efe4,,a4:0000000080011040,,fc843703,3,"ld      a4, -56(s0)",,
000000008000efe8,,a5:000000000000009c,,fb843783,3,"ld      a5, -72(s0)",,
000000008000efec,,a5:00000000800110dc,,000097ba,3,"c.add   a5, a4",,
000000008000efee,,a4:0000000080011099,,fe043703,3,"ld      a4, -32(s0)",,
000000008000efcc,,a5:0000000080011099,,fe043783,3,"ld      a5, -32(s0)",,
000000008000efd0,,a4:000000008001109a,,00178713,3,"addi    a4, a5, 1",,
000000008000efd8,,a4:0000000000000000,,fc442703,3,"lw      a4, -60(s0)",,
000000008000efdc,,a4:0000000000000000,,0ff77713,3,"andi    a4, a4, 255",,
000000008000efe4,,a4:0000000080011040,,fc843703,3,"ld      a4, -56(s0)",,
000000008000efe8,,a5:000000000000009c,,fb843783,3,"ld      a5, -72(s0)",,
000000008000efec,,a5:00000000800110dc,,000097ba,3,"c.add   a5, a4",,
000000008000efee,,a4:000000008001109a,,fe043703,3,"ld      a4, -32(s0)",,
000000008000efcc,,a5:000000008001109a,,fe043783,3,"ld      a5, -32(s0)",,
000000008000efd0,,a4:000000008001109b,,00178713,3,"addi    a4, a5, 1",,
000000008000efd8,,a4:0000000000000000,,fc442703,3,"lw      a4, -60(s0)",,
000000008000efdc,,a4:0000000000000000,,0ff77713,3,"andi    a4, a4, 255",,
000000008000efe4,,a4:0000000080011040,,fc843703,3,"ld      a4, -56(s0)",,
000000008000efe8,,a5:000000000000009c,,fb843783,3,"ld      a5, -72(s0)",,
000000008000efec,,a5:00000000800110dc,,000097ba,3,"c.add   a5, a4",,
000000008000efee,,a4:000000008001109b,,fe043703,3,"ld      a4, -32(s0)",,
000000008000efcc,,a5:000000008001109b,,fe043783,3,"ld      a5, -32(s0)",,
000000008000efd0,,a4:000000008001109c,,00178713,3,"addi    a4, a5, 1",,
000000008000efd8,,a4:0000000000000000,,fc442703,3,"lw      a4, -60(s0)",,
000000008000efdc,,a4:0000000000000000,,0ff77713,3,"andi    a4, a4, 255",,
000000008000efe4,,a4:0000000080011040,,fc843703,3,"ld      a4, -56(s0)",,
000000008000efe8,,a5:000000000000009c,,fb843783,3,"ld      a5, -72(s0)",,
000000008000efec,,a5:00000000800110dc,,000097ba,3,"c.add   a5, a4",,
000000008000efee,,a4:000000008001109c,,fe043703,3,"ld      a4, -32(s0)",,
000000008000efcc,,a5:000000008001109c,,fe043783,3,"ld      a5, -32(s0)",,
000000008000efd0,,a4:000000008001109d,,00178713,3,"addi    a4, a5, 1",,
000000008000efd8,,a4:0000000000000000,,fc442703,3,"lw      a4, -60(s0)",,
000000008000efdc,,a4:0000000000000000,,0ff77713,3,"andi    a4, a4, 255",,
000000008000efe4,,a4:0000000080011040,,fc843703,3,"ld      a4, -56(s0)",,
000000008000efe8,,a5:000000000000009c,,fb843783,3,"ld      a5, -72(s0)",,
000000008000efec,,a5:00000000800110dc,,000097ba,3,"c.add   a5, a4",,
000000008000efee,,a4:000000008001109d,,fe043703,3,"ld      a4, -32(s0)",,
000000008000efcc,,a5:000000008001109d,,fe043783,3,"ld      a5, -32(s0)",,
000000008000efd0,,a4:000000008001109e,,00178713,3,"addi    a4, a5, 1",,
000000008000efd8,,a4:0000000000000000,,fc442703,3,"lw      a4, -60(s0)",,
000000008000efdc,,a4:0000000000000000,,0ff77713,3,"andi    a4, a4, 255",,
000000008000efe4,,a4:0000000080011040,,fc843703,3,"ld      a4, -56(s0)",,
000000008000efe8,,a5:000000000000009c,,fb843783,3,"ld      a5, -72(s0)",,
000000008000efec,,a5:00000000800110dc,,000097ba,3,"c.add   a5, a4",,
000000008000efee,,a4:000000008001109e,,fe043703,3,"ld      a4, -32(s0)",,
000000008000efcc,,a5:000000008001109e,,fe043783,3,"ld      a5, -32(s0)",,
000000008000efd0,,a4:000000008001109f,,00178713,3,"addi    a4, a5, 1",,
000000008000efd8,,a4:0000000000000000,,fc442703,3,"lw      a4, -60(s0)",,
000000008000efdc,,a4:0000000000000000,,0ff77713,3,"andi    a4, a4, 255",,
000000008000efe4,,a4:0000000080011040,,fc843703,3,"ld      a4, -56(s0)",,
000000008000efe8,,a5:000000000000009c,,fb843783,3,"ld      a5, -72(s0)",,
000000008000efec,,a5:00000000800110dc,,000097ba,3,"c.add   a5, a4",,
000000008000efee,,a4:000000008001109f,,fe043703,3,"ld      a4, -32(s0)",,
000000008000efcc,,a5:000000008001109f,,fe043783,3,"ld      a5, -32(s0)",,
000000008000efd0,,a4:00000000800110a0,,00178713,3,"addi    a4, a5, 1",,
000000008000efd8,,a4:0000000000000000,,fc442703,3,"lw      a4, -60(s0)",,
000000008000efdc,,a4:0000000000000000,,0ff77713,3,"andi    a4, a4, 255",,
000000008000efe4,,a4:0000000080011040,,fc843703,3,"ld      a4, -56(s0)",,
000000008000efe8,,a5:000000000000009c,,fb843783,3,"ld      a5, -72(s0)",,
000000008000efec,,a5:00000000800110dc,,000097ba,3,"c.add   a5, a4",,
000000008000efee,,a4:00000000800110a0,,fe043703,3,"ld      a4, -32(s0)",,
000000008000efcc,,a5:00000000800110a0,,fe043783,3,"ld      a5, -32(s0)",,
000000008000efd0,,a4:00000000800110a1,,00178713,3,"addi    a4, a5, 1",,
000000008000efd8,,a4:0000000000000000,,fc442703,3,"lw      a4, -60(s0)",,
000000008000efdc,,a4:0000000000000000,,0ff77713,3,"andi    a4, a4, 255",,
000000008000efe4,,a4:0000000080011040,,fc843703,3,"ld      a4, -56(s0)",,
000000008000efe8,,a5:000000000000009c,,fb843783,3,"ld      a5, -72(s0)",,
000000008000efec,,a5:00000000800110dc,,000097ba,3,"c.add   a5, a4",,
000000008000efee,,a4:00000000800110a1,,fe043703,3,"ld      a4, -32(s0)",,
000000008000efcc,,a5:00000000800110a1,,fe043783,3,"ld      a5, -32(s0)",,
000000008000efd0,,a4:00000000800110a2,,00178713,3,"addi    a4, a5, 1",,
000000008000efd8,,a4:0000000000000000,,fc442703,3,"lw      a4, -60(s0)",,
000000008000efdc,,a4:0000000000000000,,0ff77713,3,"andi    a4, a4, 255",,
000000008000efe4,,a4:0000000080011040,,fc843703,3,"ld      a4, -56(s0)",,
000000008000efe8,,a5:000000000000009c,,fb843783,3,"ld      a5, -72(s0)",,
000000008000efec,,a5:00000000800110dc,,000097ba,3,"c.add   a5, a4",,
000000008000efee,,a4:00000000800110a2,,fe043703,3,"ld      a4, -32(s0)",,
000000008000efcc,,a5:00000000800110a2,,fe043783,3,"ld      a5, -32(s0)",,
000000008000efd0,,a4:00000000800110a3,,00178713,3,"addi    a4, a5, 1",,
000000008000efd8,,a4:0000000000000000,,fc442703,3,"lw      a4, -60(s0)",,
000000008000efdc,,a4:0000000000000000,,0ff77713,3,"andi    a4, a4, 255",,
000000008000efe4,,a4:0000000080011040,,fc843703,3,"ld      a4, -56(s0)",,
000000008000efe8,,a5:000000000000009c,,fb843783,3,"ld      a5, -72(s0)",,
000000008000efec,,a5:00000000800110dc,,000097ba,3,"c.add   a5, a4",,
000000008000efee,,a4:00000000800110a3,,fe043703,3,"ld      a4, -32(s0)",,
000000008000efcc,,a5:00000000800110a3,,fe043783,3,"ld      a5, -32(s0)",,
000000008000efd0,,a4:00000000800110a4,,00178713,3,"addi    a4, a5, 1",,
000000008000efd8,,a4:0000000000000000,,fc442703,3,"lw      a4, -60(s0)",,
000000008000efdc,,a4:0000000000000000,,0ff77713,3,"andi    a4, a4, 255",,
000000008000efe4,,a4:0000000080011040,,fc843703,3,"ld      a4, -56(s0)",,
000000008000efe8,,a5:000000000000009c,,fb843783,3,"ld      a5, -72(s0)",,
000000008000efec,,a5:00000000800110dc,,000097ba,3,"c.add   a5, a4",,
000000008000efee,,a4:00000000800110a4,,fe043703,3,"ld      a4, -32(s0)",,
000000008000efcc,,a5:00000000800110a4,,fe043783,3,"ld      a5, -32(s0)",,
000000008000efd0,,a4:00000000800110a5,,00178713,3,"addi    a4, a5, 1",,
000000008000efd8,,a4:0000000000000000,,fc442703,3,"lw      a4, -60(s0)",,
000000008000efdc,,a4:0000000000000000,,0ff77713,3,"andi    a4, a4, 255",,
000000008000efe4,,a4:0000000080011040,,fc843703,3,"ld      a4, -56(s0)",,
000000008000efe8,,a5:000000000000009c,,fb843783,3,"ld      a5, -72(s0)",,
000000008000efec,,a5:00000000800110dc,,000097ba,3,"c.add   a5, a4",,
000000008000efee,,a4:00000000800110a5,,fe043703,3,"ld      a4, -32(s0)",,
000000008000efcc,,a5:00000000800110a5,,fe043783,3,"ld      a5, -32(s0)",,
000000008000efd0,,a4:00000000800110a6,,00178713,3,"addi    a4, a5, 1",,
000000008000efd8,,a4:0000000000000000,,fc442703,3,"lw      a4, -60(s0)",,
000000008000efdc,,a4:0000000000000000,,0ff77713,3,"andi    a4, a4, 255",,
000000008000efe4,,a4:0000000080011040,,fc843703,3,"ld      a4, -56(s0)",,
000000008000efe8,,a5:000000000000009c,,fb843783,3,"ld      a5, -72(s0)",,
000000008000efec,,a5:00000000800110dc,,000097ba,3,"c.add   a5, a4",,
000000008000efee,,a4:00000000800110a6,,fe043703,3,"ld      a4, -32(s0)",,
000000008000efcc,,a5:00000000800110a6,,fe043783,3,"ld      a5, -32(s0)",,
000000008000efd0,,a4:00000000800110a7,,00178713,3,"addi    a4, a5, 1",,
000000008000efd8,,a4:0000000000000000,,fc442703,3,"lw      a4, -60(s0)",,
000000008000efdc,,a4:0000000000000000,,0ff77713,3,"andi    a4, a4, 255",,
000000008000efe4,,a4:0000000080011040,,fc843703,3,"ld      a4, -56(s0)",,
000000008000efe8,,a5:000000000000009c,,fb843783,3,"ld      a5, -72(s0)",,
000000008000efec,,a5:00000000800110dc,,000097ba,3,"c.add   a5, a4",,
000000008000efee,,a4:00000000800110a7,,fe043703,3,"ld      a4, -32(s0)",,
000000008000efcc,,a5:00000000800110a7,,fe043783,3,"ld      a5, -32(s0)",,
000000008000efd0,,a4:00000000800110a8,,00178713,3,"addi    a4, a5, 1",,
000000008000efd8,,a4:0000000000000000,,fc442703,3,"lw      a4, -60(s0)",,
000000008000efdc,,a4:0000000000000000,,0ff77713,3,"andi    a4, a4, 255",,
000000008000efe4,,a4:0000000080011040,,fc843703,3,"ld      a4, -56(s0)",,
000000008000efe8,,a5:000000000000009c,,fb843783,3,"ld      a5, -72(s0)",,
000000008000efec,,a5:00000000800110dc,,000097ba,3,"c.add   a5, a4",,
000000008000efee,,a4:00000000800110a8,,fe043703,3,"ld      a4, -32(s0)",,
000000008000efcc,,a5:00000000800110a8,,fe043783,3,"ld      a5, -32(s0)",,
000000008000efd0,,a4:00000000800110a9,,00178713,3,"addi    a4, a5, 1",,
000000008000efd8,,a4:0000000000000000,,fc442703,3,"lw      a4, -60(s0)",,
000000008000efdc,,a4:0000000000000000,,0ff77713,3,"andi    a4, a4, 255",,
000000008000efe4,,a4:0000000080011040,,fc843703,3,"ld      a4, -56(s0)",,
000000008000efe8,,a5:000000000000009c,,fb843783,3,"ld      a5, -72(s0)",,
000000008000efec,,a5:00000000800110dc,,000097ba,3,"c.add   a5, a4",,
000000008000efee,,a4:00000000800110a9,,fe043703,3,"ld      a4, -32(s0)",,
000000008000efcc,,a5:00000000800110a9,,fe043783,3,"ld      a5, -32(s0)",,
000000008000efd0,,a4:00000000800110aa,,00178713,3,"addi    a4, a5, 1",,
000000008000efd8,,a4:0000000000000000,,fc442703,3,"lw      a4, -60(s0)",,
000000008000efdc,,a4:0000000000000000,,0ff77713,3,"andi    a4, a4, 255",,
000000008000efe4,,a4:0000000080011040,,fc843703,3,"ld      a4, -56(s0)",,
000000008000efe8,,a5:000000000000009c,,fb843783,3,"ld      a5, -72(s0)",,
000000008000efec,,a5:00000000800110dc,,000097ba,3,"c.add   a5, a4",,
000000008000efee,,a4:00000000800110aa,,fe043703,3,"ld      a4, -32(s0)",,
000000008000efcc,,a5:00000000800110aa,,fe043783,3,"ld      a5, -32(s0)",,
000000008000efd0,,a4:00000000800110ab,,00178713,3,"addi    a4, a5, 1",,
000000008000efd8,,a4:0000000000000000,,fc442703,3,"lw      a4, -60(s0)",,
000000008000efdc,,a4:0000000000000000,,0ff77713,3,"andi    a4, a4, 255",,
000000008000efe4,,a4:0000000080011040,,fc843703,3,"ld      a4, -56(s0)",,
000000008000efe8,,a5:000000000000009c,,fb843783,3,"ld      a5, -72(s0)",,
000000008000efec,,a5:00000000800110dc,,000097ba,3,"c.add   a5, a4",,
000000008000efee,,a4:00000000800110ab,,fe043703,3,"ld      a4, -32(s0)",,
000000008000efcc,,a5:00000000800110ab,,fe043783,3,"ld      a5, -32(s0)",,
000000008000efd0,,a4:00000000800110ac,,00178713,3,"addi    a4, a5, 1",,
000000008000efd8,,a4:0000000000000000,,fc442703,3,"lw      a4, -60(s0)",,
000000008000efdc,,a4:0000000000000000,,0ff77713,3,"andi    a4, a4, 255",,
000000008000efe4,,a4:0000000080011040,,fc843703,3,"ld      a4, -56(s0)",,
000000008000efe8,,a5:000000000000009c,,fb843783,3,"ld      a5, -72(s0)",,
000000008000efec,,a5:00000000800110dc,,000097ba,3,"c.add   a5, a4",,
000000008000efee,,a4:00000000800110ac,,fe043703,3,"ld      a4, -32(s0)",,
000000008000efcc,,a5:00000000800110ac,,fe043783,3,"ld      a5, -32(s0)",,
000000008000efd0,,a4:00000000800110ad,,00178713,3,"addi    a4, a5, 1",,
000000008000efd8,,a4:0000000000000000,,fc442703,3,"lw      a4, -60(s0)",,
000000008000efdc,,a4:0000000000000000,,0ff77713,3,"andi    a4, a4, 255",,
000000008000efe4,,a4:0000000080011040,,fc843703,3,"ld      a4, -56(s0)",,
000000008000efe8,,a5:000000000000009c,,fb843783,3,"ld      a5, -72(s0)",,
000000008000efec,,a5:00000000800110dc,,000097ba,3,"c.add   a5, a4",,
000000008000efee,,a4:00000000800110ad,,fe043703,3,"ld      a4, -32(s0)",,
000000008000efcc,,a5:00000000800110ad,,fe043783,3,"ld      a5, -32(s0)",,
000000008000efd0,,a4:00000000800110ae,,00178713,3,"addi    a4, a5, 1",,
000000008000efd8,,a4:0000000000000000,,fc442703,3,"lw      a4, -60(s0)",,
000000008000efdc,,a4:0000000000000000,,0ff77713,3,"andi    a4, a4, 255",,
000000008000efe4,,a4:0000000080011040,,fc843703,3,"ld      a4, -56(s0)",,
000000008000efe8,,a5:000000000000009c,,fb843783,3,"ld      a5, -72(s0)",,
000000008000efec,,a5:00000000800110dc,,000097ba,3,"c.add   a5, a4",,
000000008000efee,,a4:00000000800110ae,,fe043703,3,"ld      a4, -32(s0)",,
000000008000efcc,,a5:00000000800110ae,,fe043783,3,"ld      a5, -32(s0)",,
000000008000efd0,,a4:00000000800110af,,00178713,3,"addi    a4, a5, 1",,
000000008000efd8,,a4:0000000000000000,,fc442703,3,"lw      a4, -60(s0)",,
000000008000efdc,,a4:0000000000000000,,0ff77713,3,"andi    a4, a4, 255",,
000000008000efe4,,a4:0000000080011040,,fc843703,3,"ld      a4, -56(s0)",,
000000008000efe8,,a5:000000000000009c,,fb843783,3,"ld      a5, -72(s0)",,
000000008000efec,,a5:00000000800110dc,,000097ba,3,"c.add   a5, a4",,
000000008000efee,,a4:00000000800110af,,fe043703,3,"ld      a4, -32(s0)",,
000000008000efcc,,a5:00000000800110af,,fe043783,3,"ld      a5, -32(s0)",,
000000008000efd0,,a4:00000000800110b0,,00178713,3,"addi    a4, a5, 1",,
000000008000efd8,,a4:0000000000000000,,fc442703,3,"lw      a4, -60(s0)",,
000000008000efdc,,a4:0000000000000000,,0ff77713,3,"andi    a4, a4, 255",,
000000008000efe4,,a4:0000000080011040,,fc843703,3,"ld      a4, -56(s0)",,
000000008000efe8,,a5:000000000000009c,,fb843783,3,"ld      a5, -72(s0)",,
000000008000efec,,a5:00000000800110dc,,000097ba,3,"c.add   a5, a4",,
000000008000efee,,a4:00000000800110b0,,fe043703,3,"ld      a4, -32(s0)",,
000000008000efcc,,a5:00000000800110b0,,fe043783,3,"ld      a5, -32(s0)",,
000000008000efd0,,a4:00000000800110b1,,00178713,3,"addi    a4, a5, 1",,
000000008000efd8,,a4:0000000000000000,,fc442703,3,"lw      a4, -60(s0)",,
000000008000efdc,,a4:0000000000000000,,0ff77713,3,"andi    a4, a4, 255",,
000000008000efe4,,a4:0000000080011040,,fc843703,3,"ld      a4, -56(s0)",,
000000008000efe8,,a5:000000000000009c,,fb843783,3,"ld      a5, -72(s0)",,
000000008000efec,,a5:00000000800110dc,,000097ba,3,"c.add   a5, a4",,
000000008000efee,,a4:00000000800110b1,,fe043703,3,"ld      a4, -32(s0)",,
000000008000efcc,,a5:00000000800110b1,,fe043783,3,"ld      a5, -32(s0)",,
000000008000efd0,,a4:00000000800110b2,,00178713,3,"addi    a4, a5, 1",,
000000008000efd8,,a4:0000000000000000,,fc442703,3,"lw      a4, -60(s0)",,
000000008000efdc,,a4:0000000000000000,,0ff77713,3,"andi    a4, a4, 255",,
000000008000efe4,,a4:0000000080011040,,fc843703,3,"ld      a4, -56(s0)",,
000000008000efe8,,a5:000000000000009c,,fb843783,3,"ld      a5, -72(s0)",,
000000008000efec,,a5:00000000800110dc,,000097ba,3,"c.add   a5, a4",,
000000008000efee,,a4:00000000800110b2,,fe043703,3,"ld      a4, -32(s0)",,
000000008000efcc,,a5:00000000800110b2,,fe043783,3,"ld      a5, -32(s0)",,
000000008000efd0,,a4:00000000800110b3,,00178713,3,"addi    a4, a5, 1",,
000000008000efd8,,a4:0000000000000000,,fc442703,3,"lw      a4, -60(s0)",,
000000008000efdc,,a4:0000000000000000,,0ff77713,3,"andi    a4, a4, 255",,
000000008000efe4,,a4:0000000080011040,,fc843703,3,"ld      a4, -56(s0)",,
000000008000efe8,,a5:000000000000009c,,fb843783,3,"ld      a5, -72(s0)",,
000000008000efec,,a5:00000000800110dc,,000097ba,3,"c.add   a5, a4",,
000000008000efee,,a4:00000000800110b3,,fe043703,3,"ld      a4, -32(s0)",,
000000008000efcc,,a5:00000000800110b3,,fe043783,3,"ld      a5, -32(s0)",,
000000008000efd0,,a4:00000000800110b4,,00178713,3,"addi    a4, a5, 1",,
000000008000efd8,,a4:0000000000000000,,fc442703,3,"lw      a4, -60(s0)",,
000000008000efdc,,a4:0000000000000000,,0ff77713,3,"andi    a4, a4, 255",,
000000008000efe4,,a4:0000000080011040,,fc843703,3,"ld      a4, -56(s0)",,
000000008000efe8,,a5:000000000000009c,,fb843783,3,"ld      a5, -72(s0)",,
000000008000efec,,a5:00000000800110dc,,000097ba,3,"c.add   a5, a4",,
000000008000efee,,a4:00000000800110b4,,fe043703,3,"ld      a4, -32(s0)",,
000000008000efcc,,a5:00000000800110b4,,fe043783,3,"ld      a5, -32(s0)",,
000000008000efd0,,a4:00000000800110b5,,00178713,3,"addi    a4, a5, 1",,
000000008000efd8,,a4:0000000000000000,,fc442703,3,"lw      a4, -60(s0)",,
000000008000efdc,,a4:0000000000000000,,0ff77713,3,"andi    a4, a4, 255",,
000000008000efe4,,a4:0000000080011040,,fc843703,3,"ld      a4, -56(s0)",,
000000008000efe8,,a5:000000000000009c,,fb843783,3,"ld      a5, -72(s0)",,
000000008000efec,,a5:00000000800110dc,,000097ba,3,"c.add   a5, a4",,
000000008000efee,,a4:00000000800110b5,,fe043703,3,"ld      a4, -32(s0)",,
000000008000efcc,,a5:00000000800110b5,,fe043783,3,"ld      a5, -32(s0)",,
000000008000efd0,,a4:00000000800110b6,,00178713,3,"addi    a4, a5, 1",,
000000008000efd8,,a4:0000000000000000,,fc442703,3,"lw      a4, -60(s0)",,
000000008000efdc,,a4:0000000000000000,,0ff77713,3,"andi    a4, a4, 255",,
000000008000efe4,,a4:0000000080011040,,fc843703,3,"ld      a4, -56(s0)",,
000000008000efe8,,a5:000000000000009c,,fb843783,3,"ld      a5, -72(s0)",,
000000008000efec,,a5:00000000800110dc,,000097ba,3,"c.add   a5, a4",,
000000008000efee,,a4:00000000800110b6,,fe043703,3,"ld      a4, -32(s0)",,
000000008000efcc,,a5:00000000800110b6,,fe043783,3,"ld      a5, -32(s0)",,
000000008000efd0,,a4:00000000800110b7,,00178713,3,"addi    a4, a5, 1",,
000000008000efd8,,a4:0000000000000000,,fc442703,3,"lw      a4, -60(s0)",,
000000008000efdc,,a4:0000000000000000,,0ff77713,3,"andi    a4, a4, 255",,
000000008000efe4,,a4:0000000080011040,,fc843703,3,"ld      a4, -56(s0)",,
000000008000efe8,,a5:000000000000009c,,fb843783,3,"ld      a5, -72(s0)",,
000000008000efec,,a5:00000000800110dc,,000097ba,3,"c.add   a5, a4",,
000000008000efee,,a4:00000000800110b7,,fe043703,3,"ld      a4, -32(s0)",,
000000008000efcc,,a5:00000000800110b7,,fe043783,3,"ld      a5, -32(s0)",,
000000008000efd0,,a4:00000000800110b8,,00178713,3,"addi    a4, a5, 1",,
000000008000efd8,,a4:0000000000000000,,fc442703,3,"lw      a4, -60(s0)",,
000000008000efdc,,a4:0000000000000000,,0ff77713,3,"andi    a4, a4, 255",,
000000008000efe4,,a4:0000000080011040,,fc843703,3,"ld      a4, -56(s0)",,
000000008000efe8,,a5:000000000000009c,,fb843783,3,"ld      a5, -72(s0)",,
000000008000efec,,a5:00000000800110dc,,000097ba,3,"c.add   a5, a4",,
000000008000efee,,a4:00000000800110b8,,fe043703,3,"ld      a4, -32(s0)",,
000000008000efcc,,a5:00000000800110b8,,fe043783,3,"ld      a5, -32(s0)",,
000000008000efd0,,a4:00000000800110b9,,00178713,3,"addi    a4, a5, 1",,
000000008000efd8,,a4:0000000000000000,,fc442703,3,"lw      a4, -60(s0)",,
000000008000efdc,,a4:0000000000000000,,0ff77713,3,"andi    a4, a4, 255",,
000000008000efe4,,a4:0000000080011040,,fc843703,3,"ld      a4, -56(s0)",,
000000008000efe8,,a5:000000000000009c,,fb843783,3,"ld      a5, -72(s0)",,
000000008000efec,,a5:00000000800110dc,,000097ba,3,"c.add   a5, a4",,
000000008000efee,,a4:00000000800110b9,,fe043703,3,"ld      a4, -32(s0)",,
000000008000efcc,,a5:00000000800110b9,,fe043783,3,"ld      a5, -32(s0)",,
000000008000efd0,,a4:00000000800110ba,,00178713,3,"addi    a4, a5, 1",,
000000008000efd8,,a4:0000000000000000,,fc442703,3,"lw      a4, -60(s0)",,
000000008000efdc,,a4:0000000000000000,,0ff77713,3,"andi    a4, a4, 255",,
000000008000efe4,,a4:0000000080011040,,fc843703,3,"ld      a4, -56(s0)",,
000000008000efe8,,a5:000000000000009c,,fb843783,3,"ld      a5, -72(s0)",,
000000008000efec,,a5:00000000800110dc,,000097ba,3,"c.add   a5, a4",,
000000008000efee,,a4:00000000800110ba,,fe043703,3,"ld      a4, -32(s0)",,
000000008000efcc,,a5:00000000800110ba,,fe043783,3,"ld      a5, -32(s0)",,
000000008000efd0,,a4:00000000800110bb,,00178713,3,"addi    a4, a5, 1",,
000000008000efd8,,a4:0000000000000000,,fc442703,3,"lw      a4, -60(s0)",,
000000008000efdc,,a4:0000000000000000,,0ff77713,3,"andi    a4, a4, 255",,
000000008000efe4,,a4:0000000080011040,,fc843703,3,"ld      a4, -56(s0)",,
000000008000efe8,,a5:000000000000009c,,fb843783,3,"ld      a5, -72(s0)",,
000000008000efec,,a5:00000000800110dc,,000097ba,3,"c.add   a5, a4",,
000000008000efee,,a4:00000000800110bb,,fe043703,3,"ld      a4, -32(s0)",,
000000008000efcc,,a5:00000000800110bb,,fe043783,3,"ld      a5, -32(s0)",,
000000008000efd0,,a4:00000000800110bc,,00178713,3,"addi    a4, a5, 1",,
000000008000efd8,,a4:0000000000000000,,fc442703,3,"lw      a4, -60(s0)",,
000000008000efdc,,a4:0000000000000000,,0ff77713,3,"andi    a4, a4, 255",,
000000008000efe4,,a4:0000000080011040,,fc843703,3,"ld      a4, -56(s0)",,
000000008000efe8,,a5:000000000000009c,,fb843783,3,"ld      a5, -72(s0)",,
000000008000efec,,a5:00000000800110dc,,000097ba,3,"c.add   a5, a4",,
000000008000efee,,a4:00000000800110bc,,fe043703,3,"ld      a4, -32(s0)",,
000000008000efcc,,a5:00000000800110bc,,fe043783,3,"ld      a5, -32(s0)",,
000000008000efd0,,a4:00000000800110bd,,00178713,3,"addi    a4, a5, 1",,
000000008000efd8,,a4:0000000000000000,,fc442703,3,"lw      a4, -60(s0)",,
000000008000efdc,,a4:0000000000000000,,0ff77713,3,"andi    a4, a4, 255",,
000000008000efe4,,a4:0000000080011040,,fc843703,3,"ld      a4, -56(s0)",,
000000008000efe8,,a5:000000000000009c,,fb843783,3,"ld      a5, -72(s0)",,
000000008000efec,,a5:00000000800110dc,,000097ba,3,"c.add   a5, a4",,
000000008000efee,,a4:00000000800110bd,,fe043703,3,"ld      a4, -32(s0)",,
000000008000efcc,,a5:00000000800110bd,,fe043783,3,"ld      a5, -32(s0)",,
000000008000efd0,,a4:00000000800110be,,00178713,3,"addi    a4, a5, 1",,
000000008000efd8,,a4:0000000000000000,,fc442703,3,"lw      a4, -60(s0)",,
000000008000efdc,,a4:0000000000000000,,0ff77713,3,"andi    a4, a4, 255",,
000000008000efe4,,a4:0000000080011040,,fc843703,3,"ld      a4, -56(s0)",,
000000008000efe8,,a5:000000000000009c,,fb843783,3,"ld      a5, -72(s0)",,
000000008000efec,,a5:00000000800110dc,,000097ba,3,"c.add   a5, a4",,
000000008000efee,,a4:00000000800110be,,fe043703,3,"ld      a4, -32(s0)",,
000000008000efcc,,a5:00000000800110be,,fe043783,3,"ld      a5, -32(s0)",,
000000008000efd0,,a4:00000000800110bf,,00178713,3,"addi    a4, a5, 1",,
000000008000efd8,,a4:0000000000000000,,fc442703,3,"lw      a4, -60(s0)",,
000000008000efdc,,a4:0000000000000000,,0ff77713,3,"andi    a4, a4, 255",,
000000008000efe4,,a4:0000000080011040,,fc843703,3,"ld      a4, -56(s0)",,
000000008000efe8,,a5:000000000000009c,,fb843783,3,"ld      a5, -72(s0)",,
000000008000efec,,a5:00000000800110dc,,000097ba,3,"c.add   a5, a4",,
000000008000efee,,a4:00000000800110bf,,fe043703,3,"ld      a4, -32(s0)",,
000000008000efcc,,a5:00000000800110bf,,fe043783,3,"ld      a5, -32(s0)",,
000000008000efd0,,a4:00000000800110c0,,00178713,3,"addi    a4, a5, 1",,
000000008000efd8,,a4:0000000000000000,,fc442703,3,"lw      a4, -60(s0)",,
000000008000efdc,,a4:0000000000000000,,0ff77713,3,"andi    a4, a4, 255",,
000000008000efe4,,a4:0000000080011040,,fc843703,3,"ld      a4, -56(s0)",,
000000008000efe8,,a5:000000000000009c,,fb843783,3,"ld      a5, -72(s0)",,
000000008000efec,,a5:00000000800110dc,,000097ba,3,"c.add   a5, a4",,
000000008000efee,,a4:00000000800110c0,,fe043703,3,"ld      a4, -32(s0)",,
000000008000efcc,,a5:00000000800110c0,,fe043783,3,"ld      a5, -32(s0)",,
000000008000efd0,,a4:00000000800110c1,,00178713,3,"addi    a4, a5, 1",,
000000008000efd8,,a4:0000000000000000,,fc442703,3,"lw      a4, -60(s0)",,
000000008000efdc,,a4:0000000000000000,,0ff77713,3,"andi    a4, a4, 255",,
000000008000efe4,,a4:0000000080011040,,fc843703,3,"ld      a4, -56(s0)",,
000000008000efe8,,a5:000000000000009c,,fb843783,3,"ld      a5, -72(s0)",,
000000008000efec,,a5:00000000800110dc,,000097ba,3,"c.add   a5, a4",,
000000008000efee,,a4:00000000800110c1,,fe043703,3,"ld      a4, -32(s0)",,
000000008000efcc,,a5:00000000800110c1,,fe043783,3,"ld      a5, -32(s0)",,
000000008000efd0,,a4:00000000800110c2,,00178713,3,"addi    a4, a5, 1",,
000000008000efd8,,a4:0000000000000000,,fc442703,3,"lw      a4, -60(s0)",,
000000008000efdc,,a4:0000000000000000,,0ff77713,3,"andi    a4, a4, 255",,
000000008000efe4,,a4:0000000080011040,,fc843703,3,"ld      a4, -56(s0)",,
000000008000efe8,,a5:000000000000009c,,fb843783,3,"ld      a5, -72(s0)",,
000000008000efec,,a5:00000000800110dc,,000097ba,3,"c.add   a5, a4",,
000000008000efee,,a4:00000000800110c2,,fe043703,3,"ld      a4, -32(s0)",,
000000008000efcc,,a5:00000000800110c2,,fe043783,3,"ld      a5, -32(s0)",,
000000008000efd0,,a4:00000000800110c3,,00178713,3,"addi    a4, a5, 1",,
000000008000efd8,,a4:0000000000000000,,fc442703,3,"lw      a4, -60(s0)",,
000000008000efdc,,a4:0000000000000000,,0ff77713,3,"andi    a4, a4, 255",,
000000008000efe4,,a4:0000000080011040,,fc843703,3,"ld      a4, -56(s0)",,
000000008000efe8,,a5:000000000000009c,,fb843783,3,"ld      a5, -72(s0)",,
000000008000efec,,a5:00000000800110dc,,000097ba,3,"c.add   a5, a4",,
000000008000efee,,a4:00000000800110c3,,fe043703,3,"ld      a4, -32(s0)",,
000000008000efcc,,a5:00000000800110c3,,fe043783,3,"ld      a5, -32(s0)",,
000000008000efd0,,a4:00000000800110c4,,00178713,3,"addi    a4, a5, 1",,
000000008000efd8,,a4:0000000000000000,,fc442703,3,"lw      a4, -60(s0)",,
000000008000efdc,,a4:0000000000000000,,0ff77713,3,"andi    a4, a4, 255",,
000000008000efe4,,a4:0000000080011040,,fc843703,3,"ld      a4, -56(s0)",,
000000008000efe8,,a5:000000000000009c,,fb843783,3,"ld      a5, -72(s0)",,
000000008000efec,,a5:00000000800110dc,,000097ba,3,"c.add   a5, a4",,
000000008000efee,,a4:00000000800110c4,,fe043703,3,"ld      a4, -32(s0)",,
000000008000efcc,,a5:00000000800110c4,,fe043783,3,"ld      a5, -32(s0)",,
000000008000efd0,,a4:00000000800110c5,,00178713,3,"addi    a4, a5, 1",,
000000008000efd8,,a4:0000000000000000,,fc442703,3,"lw      a4, -60(s0)",,
000000008000efdc,,a4:0000000000000000,,0ff77713,3,"andi    a4, a4, 255",,
000000008000efe4,,a4:0000000080011040,,fc843703,3,"ld      a4, -56(s0)",,
000000008000efe8,,a5:000000000000009c,,fb843783,3,"ld      a5, -72(s0)",,
000000008000efec,,a5:00000000800110dc,,000097ba,3,"c.add   a5, a4",,
000000008000efee,,a4:00000000800110c5,,fe043703,3,"ld      a4, -32(s0)",,
000000008000efcc,,a5:00000000800110c5,,fe043783,3,"ld      a5, -32(s0)",,
000000008000efd0,,a4:00000000800110c6,,00178713,3,"addi    a4, a5, 1",,
000000008000efd8,,a4:0000000000000000,,fc442703,3,"lw      a4, -60(s0)",,
000000008000efdc,,a4:0000000000000000,,0ff77713,3,"andi    a4, a4, 255",,
000000008000efe4,,a4:0000000080011040,,fc843703,3,"ld      a4, -56(s0)",,
000000008000efe8,,a5:000000000000009c,,fb843783,3,"ld      a5, -72(s0)",,
000000008000efec,,a5:00000000800110dc,,000097ba,3,"c.add   a5, a4",,
000000008000efee,,a4:00000000800110c6,,fe043703,3,"ld      a4, -32(s0)",,
000000008000efcc,,a5:00000000800110c6,,fe043783,3,"ld      a5, -32(s0)",,
000000008000efd0,,a4:00000000800110c7,,00178713,3,"addi    a4, a5, 1",,
000000008000efd8,,a4:0000000000000000,,fc442703,3,"lw      a4, -60(s0)",,
000000008000efdc,,a4:0000000000000000,,0ff77713,3,"andi    a4, a4, 255",,
000000008000efe4,,a4:0000000080011040,,fc843703,3,"ld      a4, -56(s0)",,
000000008000efe8,,a5:000000000000009c,,fb843783,3,"ld      a5, -72(s0)",,
000000008000efec,,a5:00000000800110dc,,000097ba,3,"c.add   a5, a4",,
000000008000efee,,a4:00000000800110c7,,fe043703,3,"ld      a4, -32(s0)",,
000000008000efcc,,a5:00000000800110c7,,fe043783,3,"ld      a5, -32(s0)",,
000000008000efd0,,a4:00000000800110c8,,00178713,3,"addi    a4, a5, 1",,
000000008000efd8,,a4:0000000000000000,,fc442703,3,"lw      a4, -60(s0)",,
000000008000efdc,,a4:0000000000000000,,0ff77713,3,"andi    a4, a4, 255",,
000000008000efe4,,a4:0000000080011040,,fc843703,3,"ld      a4, -56(s0)",,
000000008000efe8,,a5:000000000000009c,,fb843783,3,"ld      a5, -72(s0)",,
000000008000efec,,a5:00000000800110dc,,000097ba,3,"c.add   a5, a4",,
000000008000efee,,a4:00000000800110c8,,fe043703,3,"ld      a4, -32(s0)",,
000000008000efcc,,a5:00000000800110c8,,fe043783,3,"ld      a5, -32(s0)",,
000000008000efd0,,a4:00000000800110c9,,00178713,3,"addi    a4, a5, 1",,
000000008000efd8,,a4:0000000000000000,,fc442703,3,"lw      a4, -60(s0)",,
000000008000efdc,,a4:0000000000000000,,0ff77713,3,"andi    a4, a4, 255",,
000000008000efe4,,a4:0000000080011040,,fc843703,3,"ld      a4, -56(s0)",,
000000008000efe8,,a5:000000000000009c,,fb843783,3,"ld      a5, -72(s0)",,
000000008000efec,,a5:00000000800110dc,,000097ba,3,"c.add   a5, a4",,
000000008000efee,,a4:00000000800110c9,,fe043703,3,"ld      a4, -32(s0)",,
000000008000efcc,,a5:00000000800110c9,,fe043783,3,"ld      a5, -32(s0)",,
000000008000efd0,,a4:00000000800110ca,,00178713,3,"addi    a4, a5, 1",,
000000008000efd8,,a4:0000000000000000,,fc442703,3,"lw      a4, -60(s0)",,
000000008000efdc,,a4:0000000000000000,,0ff77713,3,"andi    a4, a4, 255",,
000000008000efe4,,a4:0000000080011040,,fc843703,3,"ld      a4, -56(s0)",,
000000008000efe8,,a5:000000000000009c,,fb843783,3,"ld      a5, -72(s0)",,
000000008000efec,,a5:00000000800110dc,,000097ba,3,"c.add   a5, a4",,
000000008000efee,,a4:00000000800110ca,,fe043703,3,"ld      a4, -32(s0)",,
000000008000efcc,,a5:00000000800110ca,,fe043783,3,"ld      a5, -32(s0)",,
000000008000efd0,,a4:00000000800110cb,,00178713,3,"addi    a4, a5, 1",,
000000008000efd8,,a4:0000000000000000,,fc442703,3,"lw      a4, -60(s0)",,
000000008000efdc,,a4:0000000000000000,,0ff77713,3,"andi    a4, a4, 255",,
000000008000efe4,,a4:0000000080011040,,fc843703,3,"ld      a4, -56(s0)",,
000000008000efe8,,a5:000000000000009c,,fb843783,3,"ld      a5, -72(s0)",,
000000008000efec,,a5:00000000800110dc,,000097ba,3,"c.add   a5, a4",,
000000008000efee,,a4:00000000800110cb,,fe043703,3,"ld      a4, -32(s0)",,
000000008000efcc,,a5:00000000800110cb,,fe043783,3,"ld      a5, -32(s0)",,
000000008000efd0,,a4:00000000800110cc,,00178713,3,"addi    a4, a5, 1",,
000000008000efd8,,a4:0000000000000000,,fc442703,3,"lw      a4, -60(s0)",,
000000008000efdc,,a4:0000000000000000,,0ff77713,3,"andi    a4, a4, 255",,
000000008000efe4,,a4:0000000080011040,,fc843703,3,"ld      a4, -56(s0)",,
000000008000efe8,,a5:000000000000009c,,fb843783,3,"ld      a5, -72(s0)",,
000000008000efec,,a5:00000000800110dc,,000097ba,3,"c.add   a5, a4",,
000000008000efee,,a4:00000000800110cc,,fe043703,3,"ld      a4, -32(s0)",,
000000008000efcc,,a5:00000000800110cc,,fe043783,3,"ld      a5, -32(s0)",,
000000008000efd0,,a4:00000000800110cd,,00178713,3,"addi    a4, a5, 1",,
000000008000efd8,,a4:0000000000000000,,fc442703,3,"lw      a4, -60(s0)",,
000000008000efdc,,a4:0000000000000000,,0ff77713,3,"andi    a4, a4, 255",,
000000008000efe4,,a4:0000000080011040,,fc843703,3,"ld      a4, -56(s0)",,
000000008000efe8,,a5:000000000000009c,,fb843783,3,"ld      a5, -72(s0)",,
000000008000efec,,a5:00000000800110dc,,000097ba,3,"c.add   a5, a4",,
000000008000efee,,a4:00000000800110cd,,fe043703,3,"ld      a4, -32(s0)",,
000000008000efcc,,a5:00000000800110cd,,fe043783,3,"ld      a5, -32(s0)",,
000000008000efd0,,a4:00000000800110ce,,00178713,3,"addi    a4, a5, 1",,
000000008000efd8,,a4:0000000000000000,,fc442703,3,"lw      a4, -60(s0)",,
000000008000efdc,,a4:0000000000000000,,0ff77713,3,"andi    a4, a4, 255",,
000000008000efe4,,a4:0000000080011040,,fc843703,3,"ld      a4, -56(s0)",,
000000008000efe8,,a5:000000000000009c,,fb843783,3,"ld      a5, -72(s0)",,
000000008000efec,,a5:00000000800110dc,,000097ba,3,"c.add   a5, a4",,
000000008000efee,,a4:00000000800110ce,,fe043703,3,"ld      a4, -32(s0)",,
000000008000efcc,,a5:00000000800110ce,,fe043783,3,"ld      a5, -32(s0)",,
000000008000efd0,,a4:00000000800110cf,,00178713,3,"addi    a4, a5, 1",,
000000008000efd8,,a4:0000000000000000,,fc442703,3,"lw      a4, -60(s0)",,
000000008000efdc,,a4:0000000000000000,,0ff77713,3,"andi    a4, a4, 255",,
000000008000efe4,,a4:0000000080011040,,fc843703,3,"ld      a4, -56(s0)",,
000000008000efe8,,a5:000000000000009c,,fb843783,3,"ld      a5, -72(s0)",,
000000008000efec,,a5:00000000800110dc,,000097ba,3,"c.add   a5, a4",,
000000008000efee,,a4:00000000800110cf,,fe043703,3,"ld      a4, -32(s0)",,
000000008000efcc,,a5:00000000800110cf,,fe043783,3,"ld      a5, -32(s0)",,
000000008000efd0,,a4:00000000800110d0,,00178713,3,"addi    a4, a5, 1",,
000000008000efd8,,a4:0000000000000000,,fc442703,3,"lw      a4, -60(s0)",,
000000008000efdc,,a4:0000000000000000,,0ff77713,3,"andi    a4, a4, 255",,
000000008000efe4,,a4:0000000080011040,,fc843703,3,"ld      a4, -56(s0)",,
000000008000efe8,,a5:000000000000009c,,fb843783,3,"ld      a5, -72(s0)",,
000000008000efec,,a5:00000000800110dc,,000097ba,3,"c.add   a5, a4",,
000000008000efee,,a4:00000000800110d0,,fe043703,3,"ld      a4, -32(s0)",,
000000008000efcc,,a5:00000000800110d0,,fe043783,3,"ld      a5, -32(s0)",,
000000008000efd0,,a4:00000000800110d1,,00178713,3,"addi    a4, a5, 1",,
000000008000efd8,,a4:0000000000000000,,fc442703,3,"lw      a4, -60(s0)",,
000000008000efdc,,a4:0000000000000000,,0ff77713,3,"andi    a4, a4, 255",,
000000008000efe4,,a4:0000000080011040,,fc843703,3,"ld      a4, -56(s0)",,
000000008000efe8,,a5:000000000000009c,,fb843783,3,"ld      a5, -72(s0)",,
000000008000efec,,a5:00000000800110dc,,000097ba,3,"c.add   a5, a4",,
000000008000efee,,a4:00000000800110d1,,fe043703,3,"ld      a4, -32(s0)",,
000000008000efcc,,a5:00000000800110d1,,fe043783,3,"ld      a5, -32(s0)",,
000000008000efd0,,a4:00000000800110d2,,00178713,3,"addi    a4, a5, 1",,
000000008000efd8,,a4:0000000000000000,,fc442703,3,"lw      a4, -60(s0)",,
000000008000efdc,,a4:0000000000000000,,0ff77713,3,"andi    a4, a4, 255",,
000000008000efe4,,a4:0000000080011040,,fc843703,3,"ld      a4, -56(s0)",,
000000008000efe8,,a5:000000000000009c,,fb843783,3,"ld      a5, -72(s0)",,
000000008000efec,,a5:00000000800110dc,,000097ba,3,"c.add   a5, a4",,
000000008000efee,,a4:00000000800110d2,,fe043703,3,"ld      a4, -32(s0)",,
000000008000efcc,,a5:00000000800110d2,,fe043783,3,"ld      a5, -32(s0)",,
000000008000efd0,,a4:00000000800110d3,,00178713,3,"addi    a4, a5, 1",,
000000008000efd8,,a4:0000000000000000,,fc442703,3,"lw      a4, -60(s0)",,
000000008000efdc,,a4:0000000000000000,,0ff77713,3,"andi    a4, a4, 255",,
000000008000efe4,,a4:0000000080011040,,fc843703,3,"ld      a4, -56(s0)",,
000000008000efe8,,a5:000000000000009c,,fb843783,3,"ld      a5, -72(s0)",,
000000008000efec,,a5:00000000800110dc,,000097ba,3,"c.add   a5, a4",,
000000008000efee,,a4:00000000800110d3,,fe043703,3,"ld      a4, -32(s0)",,
000000008000efcc,,a5:00000000800110d3,,fe043783,3,"ld      a5, -32(s0)",,
000000008000efd0,,a4:00000000800110d4,,00178713,3,"addi    a4, a5, 1",,
000000008000efd8,,a4:0000000000000000,,fc442703,3,"lw      a4, -60(s0)",,
000000008000efdc,,a4:0000000000000000,,0ff77713,3,"andi    a4, a4, 255",,
000000008000efe4,,a4:0000000080011040,,fc843703,3,"ld      a4, -56(s0)",,
000000008000efe8,,a5:000000000000009c,,fb843783,3,"ld      a5, -72(s0)",,
000000008000efec,,a5:00000000800110dc,,000097ba,3,"c.add   a5, a4",,
000000008000efee,,a4:00000000800110d4,,fe043703,3,"ld      a4, -32(s0)",,
000000008000efcc,,a5:00000000800110d4,,fe043783,3,"ld      a5, -32(s0)",,
000000008000efd0,,a4:00000000800110d5,,00178713,3,"addi    a4, a5, 1",,
000000008000efd8,,a4:0000000000000000,,fc442703,3,"lw      a4, -60(s0)",,
000000008000efdc,,a4:0000000000000000,,0ff77713,3,"andi    a4, a4, 255",,
000000008000efe4,,a4:0000000080011040,,fc843703,3,"ld      a4, -56(s0)",,
000000008000efe8,,a5:000000000000009c,,fb843783,3,"ld      a5, -72(s0)",,
000000008000efec,,a5:00000000800110dc,,000097ba,3,"c.add   a5, a4",,
000000008000efee,,a4:00000000800110d5,,fe043703,3,"ld      a4, -32(s0)",,
000000008000efcc,,a5:00000000800110d5,,fe043783,3,"ld      a5, -32(s0)",,
000000008000efd0,,a4:00000000800110d6,,00178713,3,"addi    a4, a5, 1",,
000000008000efd8,,a4:0000000000000000,,fc442703,3,"lw      a4, -60(s0)",,
000000008000efdc,,a4:0000000000000000,,0ff77713,3,"andi    a4, a4, 255",,
000000008000efe4,,a4:0000000080011040,,fc843703,3,"ld      a4, -56(s0)",,
000000008000efe8,,a5:000000000000009c,,fb843783,3,"ld      a5, -72(s0)",,
000000008000efec,,a5:00000000800110dc,,000097ba,3,"c.add   a5, a4",,
000000008000efee,,a4:00000000800110d6,,fe043703,3,"ld      a4, -32(s0)",,
000000008000efcc,,a5:00000000800110d6,,fe043783,3,"ld      a5, -32(s0)",,
000000008000efd0,,a4:00000000800110d7,,00178713,3,"addi    a4, a5, 1",,
000000008000efd8,,a4:0000000000000000,,fc442703,3,"lw      a4, -60(s0)",,
000000008000efdc,,a4:0000000000000000,,0ff77713,3,"andi    a4, a4, 255",,
000000008000efe4,,a4:0000000080011040,,fc843703,3,"ld      a4, -56(s0)",,
000000008000efe8,,a5:000000000000009c,,fb843783,3,"ld      a5, -72(s0)",,
000000008000efec,,a5:00000000800110dc,,000097ba,3,"c.add   a5, a4",,
000000008000efee,,a4:00000000800110d7,,fe043703,3,"ld      a4, -32(s0)",,
000000008000efcc,,a5:00000000800110d7,,fe043783,3,"ld      a5, -32(s0)",,
000000008000efd0,,a4:00000000800110d8,,00178713,3,"addi    a4, a5, 1",,
000000008000efd8,,a4:0000000000000000,,fc442703,3,"lw      a4, -60(s0)",,
000000008000efdc,,a4:0000000000000000,,0ff77713,3,"andi    a4, a4, 255",,
000000008000efe4,,a4:0000000080011040,,fc843703,3,"ld      a4, -56(s0)",,
000000008000efe8,,a5:000000000000009c,,fb843783,3,"ld      a5, -72(s0)",,
000000008000efec,,a5:00000000800110dc,,000097ba,3,"c.add   a5, a4",,
000000008000efee,,a4:00000000800110d8,,fe043703,3,"ld      a4, -32(s0)",,
000000008000efcc,,a5:00000000800110d8,,fe043783,3,"ld      a5, -32(s0)",,
000000008000efd0,,a4:00000000800110d9,,00178713,3,"addi    a4, a5, 1",,
000000008000efd8,,a4:0000000000000000,,fc442703,3,"lw      a4, -60(s0)",,
000000008000efdc,,a4:0000000000000000,,0ff77713,3,"andi    a4, a4, 255",,
000000008000efe4,,a4:0000000080011040,,fc843703,3,"ld      a4, -56(s0)",,
000000008000efe8,,a5:000000000000009c,,fb843783,3,"ld      a5, -72(s0)",,
000000008000efec,,a5:00000000800110dc,,000097ba,3,"c.add   a5, a4",,
000000008000efee,,a4:00000000800110d9,,fe043703,3,"ld      a4, -32(s0)",,
000000008000efcc,,a5:00000000800110d9,,fe043783,3,"ld      a5, -32(s0)",,
000000008000efd0,,a4:00000000800110da,,00178713,3,"addi    a4, a5, 1",,
000000008000efd8,,a4:0000000000000000,,fc442703,3,"lw      a4, -60(s0)",,
000000008000efdc,,a4:0000000000000000,,0ff77713,3,"andi    a4, a4, 255",,
000000008000efe4,,a4:0000000080011040,,fc843703,3,"ld      a4, -56(s0)",,
000000008000efe8,,a5:000000000000009c,,fb843783,3,"ld      a5, -72(s0)",,
000000008000efec,,a5:00000000800110dc,,000097ba,3,"c.add   a5, a4",,
000000008000efee,,a4:00000000800110da,,fe043703,3,"ld      a4, -32(s0)",,
000000008000efcc,,a5:00000000800110da,,fe043783,3,"ld      a5, -32(s0)",,
000000008000efd0,,a4:00000000800110db,,00178713,3,"addi    a4, a5, 1",,
000000008000efd8,,a4:0000000000000000,,fc442703,3,"lw      a4, -60(s0)",,
000000008000efdc,,a4:0000000000000000,,0ff77713,3,"andi    a4, a4, 255",,
000000008000efe4,,a4:0000000080011040,,fc843703,3,"ld      a4, -56(s0)",,
000000008000efe8,,a5:000000000000009c,,fb843783,3,"ld      a5, -72(s0)",,
000000008000efec,,a5:00000000800110dc,,000097ba,3,"c.add   a5, a4",,
000000008000efee,,a4:00000000800110db,,fe043703,3,"ld      a4, -32(s0)",,
000000008000efcc,,a5:00000000800110db,,fe043783,3,"ld      a5, -32(s0)",,
000000008000efd0,,a4:00000000800110dc,,00178713,3,"addi    a4, a5, 1",,
000000008000efd8,,a4:0000000000000000,,fc442703,3,"lw      a4, -60(s0)",,
000000008000efdc,,a4:0000000000000000,,0ff77713,3,"andi    a4, a4, 255",,
000000008000efe4,,a4:0000000080011040,,fc843703,3,"ld      a4, -56(s0)",,
000000008000efe8,,a5:000000000000009c,,fb843783,3,"ld      a5, -72(s0)",,
000000008000efec,,a5:00000000800110dc,,000097ba,3,"c.add   a5, a4",,
000000008000efee,,a4:00000000800110dc,,fe043703,3,"ld      a4, -32(s0)",,
000000008000eff6,,a5:0000000080011040,,fc843783,3,"ld      a5, -56(s0)",,
000000008000effa,,a0:0000000080011040,,0000853e,3,"c.mv    a0, a5",,
000000008000effc,,s0:0000000080030f90,,00006426,3,"c.ldsp  s0, 72(sp)",,
000000008000effe,,sp:0000000080030f70,,00006161,3,"c.addi16sp sp, 80",,
000000008000e5b6,,ra:000000008000e5f4,,000060e2,3,"c.ldsp  ra, 24(sp)",,
000000008000e5b8,,s0:0000000080031040,,00006442,3,"c.ldsp  s0, 16(sp)",,
000000008000e5ba,,sp:0000000080030f90,,00006105,3,"c.addi16sp sp, 32",,
000000008000e5f4,,a4:0000000000000001,,f5842703,3,"lw      a4, -168(s0)",,
000000008000e5f8,,a5:0000000000000000,,f5c42783,3,"lw      a5, -164(s0)",,
000000008000e5fc,,a1:0000000000000001,,000085ba,3,"c.mv    a1, a4",,
000000008000e5fe,,a0:0000000000000000,,0000853e,3,"c.mv    a0, a5",,
000000008000e600,,ra:000000008000e604,,f03ff0ef,3,jal     -0xfe,,
000000008000e502,,sp:0000000080030f70,,00001101,3,"c.addi  sp, -32",,
000000008000e506,,s0:0000000080030f90,,00001000,3,"c.addi4spn s0, sp, 32",,
000000008000e508,,a5:0000000000000000,,000087aa,3,"c.mv    a5, a0",,
000000008000e50a,,a4:0000000000000001,,0000872e,3,"c.mv    a4, a1",,
000000008000e510,,a5:0000000000000001,,000087ba,3,"c.mv    a5, a4",,
000000008000e518,,a5:0000000000000000,,fec42783,3,"lw      a5, -20(s0)",,
000000008000e51c,,a5:0000000000000000,,00002781,3,"c.addiw a5, 0",,
000000008000e524,,s0:0000000080031040,,00006462,3,"c.ldsp  s0, 24(sp)",,
000000008000e526,,sp:0000000080030f90,,00006105,3,"c.addi16sp sp, 32",,
000000008000e604,,a1:0000000000000000,,00004581,3,"c.li    a1, 0",,
000000008000e606,,a0:0000000000000000,,00004501,3,"c.li    a0, 0",,
000000008000e608,,ra:000000008000e60c,,9f9f30ef,3,jal     -0xc608,,
0000000080002002,,a5:0000000080004002,,00002797,3,"auipc   a5, 0x2",,
0000000080002006,,a5:0000000080004000,,ffe78793,3,"addi    a5, a5, -2",,
000000008000200e,,s8:000000008000400e,,00002c17,3,"auipc   s8, 0x2",,
0000000080002012,,s8:0000000080004030,,022c0c13,3,"addi    s8, s8, 34",,
0000000080002016,,a5:0000000000000000,,00004781,3,"c.li    a5, 0",,
0000000080002018,,s8:0000000080004030,,00009c3e,3,"c.add   s8, a5",,
000000008000201e,,s8:000000000000000f,,00004c3d,3,"c.li    s8, 15",,
0000000080002028,,a5:0000000080004028,,00002797,3,"auipc   a5, 0x2",,
000000008000202c,,a5:0000000080004030,,00878793,3,"addi    a5, a5, 8",,
0000000080002034,,t6:0000000000000001,,00100f9b,3,"addiw   t6, zero, 1",,
0000000080002038,,t6:0000000080000000,,00000ffe,3,"c.slli  t6, 31",,
000000008000203c,,a5:ffffffffffffffff,,fff0079b,3,"addiw   a5, zero, -1",,
0000000080002040,,a5:8000000000000000,,000017fe,3,"c.slli  a5, 63",,
0000000080002046,,a5:0000000080010046,,0000e797,3,"auipc   a5, 0xe",,
000000008000204a,,a5:0000000080010000,,fba78793,3,"addi    a5, a5, -70",,
000000008000204e,,a5:0000000000080010,,000083b1,3,"c.srli  a5, 12",,
0000000080002050,,a2:0000000000000001,,0010061b,3,"addiw   a2, zero, 1",,
0000000080002054,,a2:0000100000000000,,00001632,3,"c.slli  a2, 44",,
0000000080002056,,a2:00000fffffffffff,,0000167d,3,"c.addi  a2, -1",,
0000000080002058,,a5:0000000000080010,,00008ff1,3,"c.and   a5, a2",,
000000008000205e,,a1:0000000000a00000,,00a005b7,3,"lui     a1, 0xa00",,
0000000080002062,,a1:0000000000a0010b,,10b5859b,3,"addiw   a1, a1, 267",,
0000000080002066,,a1:0000000a0010b000,,000005b2,3,"c.slli  a1, 12",,
0000000080002068,,a1:0000000a0010aa00,,a0058593,3,"addi    a1, a1, -1536",,
0000000080002074,,a1:0000000000a00000,,00a005b7,3,"lui     a1, 0xa00",,
0000000080002078,,a1:0000000000a0010b,,10b5859b,3,"addiw   a1, a1, 267",,
000000008000207c,,a1:0000000a0010b000,,000005b2,3,"c.slli  a1, 12",,
000000008000207e,,a1:0000000a0010aa00,,a0058593,3,"addi    a1, a1, -1536",,
0000000080004030,,fa0:7ff8000000000000,,52a5f543,1,"fmadd.d fa0, fa1, fa0, fa0",,
0000000080004034,,a2:0000000000000000,,422ed613,1,"srai    a2, t4, 34",,
0000000080004038,,a0:000000007ffcefc0,,408a853b,1,"subw    a0, s5, s0",,
000000008000403c,,t1:0000000000000001,,0086a333,1,"slt     t1, a3, s0",,
0000000080004040,,s2:0000000000000000,,4031893b,1,"subw    s2, gp, gp",,
0000000080004044,,s6:0000000000000000,,40595b13,1,"srai    s6, s2, 5",,
0000000080004048,,fa4:7ff8000000000000,,2aa40753,1,"fmin.d  fa4, fs0, fa0",,
000000008000404c,,a6:0000000000000000,,01265813,1,"srli    a6, a2, 18",,
0000000080004050,,fs8:7ff8000000000000,,021efc53,1,"fadd.d  fs8, ft9, ft1",,
0000000080004054,,s1:000000007ffcf040,,409a04bb,1,"subw    s1, s4, s1",,
0000000080004058,,ft6:7ff8000000000000,,1a6e7353,1,"fdiv.d  ft6, ft8, ft6",,
000000008000405c,,s7:0000000000080010,,0297ebbb,1,"remw    s7, a5, s1",,
0000000080004060,,t3:0000000000000000,,00781e33,1,"sll     t3, a6, t2",,
0000000080004064,,t4:0000000000000000,,03ceaeb3,1,"mulhsu  t4, t4, t3",,
0000000080004068,,t0:0000000000000000,,025d02bb,1,"mulw    t0, s10, t0",,
000000008000406c,,sp:000000008000e60c,,0120c133,1,"xor     sp, ra, s2",,
0000000080004070,,a7:0000000000000000,,01fc589b,1,"srliw   a7, s8, 31",,
0000000080004074,,t3:0000000000000000,,01e95e1b,1,"srliw   t3, s2, 30",,
0000000080004078,,t2:ffffffff80031040,,008903bb,1,"addw    t2, s2, s0",,
000000008000407c,,fa6:7ff8000000000000,,2398784f,1,"fnmadd.d fa6, fa6, fs9, ft4",,
0000000080004080,,s3:0000000000000000,,0266c9bb,1,"divw    s3, a3, t1",,
0000000080004084,,s7:ffffffffffffffff,,0362cbbb,1,"divw    s7, t0, s6",,
0000000080004088,,t4:ffffffff80031040,,01c3debb,1,"srlw    t4, t2, t3",,
000000008000408c,,a4:0000000000000000,,02f8e733,1,"rem     a4, a7, a5",,
0000000080004090,,s1:ffffffff8000e60c,,009094bb,1,"sllw    s1, ra, s1",,
0000000080004008,,s8:0000000080006008,,00002c17,3,"auipc   s8, 0x2",,
000000008000400c,,s8:0000000080005f8e,,f86c0c13,3,"addi    s8, s8, -122",,
0000000080004010,,ra:0000000080004014,,000c00e7,3,jalr    s8,,
0000000080005f8e,,a5:0000000080004094,,341027f3,3,"csrrs   a5, mepc, zero",,
0000000080005f92,,a4:0000000000000002,,34202773,3,"csrrs   a4, mcause, zero",,
0000000080005f96,,a3:0000000000000000,,142026f3,3,"csrrs   a3, scause, zero",,
0000000080005f9a,,a2:0000000000000a00,,30402673,3,"csrrs   a2, mie, zero",,
0000000080005f9e,,a1:0000000000000080,,344025f3,3,"csrrs   a1, mip, zero",,
0000000080005fa2,,a1:00000000c05cbc73,,343025f3,3,"csrrs   a1, mtval, zero",,
0000000080005fa6,,a0:0000000000000000,,14302573,3,"csrrs   a0, stval, zero",,
0000000080005faa,,s1:00000000000007e4,,b02024f3,3,"csrrs   s1, minstret, zero",,
0000000080005fc2,,a5:0000000080004098,,00000791,3,"c.addi  a5, 4",,
0000000080004098,,a5:ffffffff98000000,,00f797bb,1,"sllw    a5, a5, a5",,
000000008000409c,,fs6:7ff8000000000000,,420c0b53,1,"fcvt.d.s fs6, fs8",,
00000000800040a0,,s8:0000000000000000,,02ae6c3b,1,"remw    s8, t3, a0",,
00000000800040a4,,a6:ffffffff3fa34b71,,40b48833,1,"sub     a6, s1, a1",,
00000000800040a8,,fs3:ffffffff7fc00000,,401079d3,1,"fcvt.s.d fs3, ft0",,
00000000800040b0,,s5:ffffffffffffffff,,031d5abb,1,"divuw   s5, s10, a7",,
00000000800040b4,,a3:000000000366e000,,0366e6b7,1,"lui     a3, 0x366e",,
00000000800040b8,,a3:000000000366e0ad,,0ad6869b,1,"addiw   a3, a3, 173",,
00000000800040bc,,a3:0000006cdc15a000,,000006b6,1,"c.slli  a3, 13",,
00000000800040be,,a3:0000006cdc15a630,,63068693,1,"addi    a3, a3, 1584",,
00000000800040c2,,s9:00000000f86ee0c2,,786eac97,1,"auipc   s9, 0x786ea",,
0000000080004008,,s8:0000000080006008,,00002c17,3,"auipc   s8, 0x2",,
000000008000400c,,s8:0000000080005f8e,,f86c0c13,3,"addi    s8, s8, -122",,
0000000080004010,,ra:0000000080004014,,000c00e7,3,jalr    s8,,
0000000080005f8e,,a5:00000000800040c6,,341027f3,3,"csrrs   a5, mepc, zero",,
0000000080005f92,,a4:0000000000000002,,34202773,3,"csrrs   a4, mcause, zero",,
0000000080005f96,,a3:0000000000000000,,142026f3,3,"csrrs   a3, scause, zero",,
0000000080005f9a,,a2:0000000000000a00,,30402673,3,"csrrs   a2, mie, zero",,
0000000080005f9e,,a1:0000000000000080,,344025f3,3,"csrrs   a1, mip, zero",,
0000000080005fa2,,a1:00000000343b90f3,,343025f3,3,"csrrs   a1, mtval, zero",,
0000000080005fa6,,a0:0000000000000000,,14302573,3,"csrrs   a0, stval, zero",,
0000000080005faa,,s1:0000000000000800,,b02024f3,3,"csrrs   s1, minstret, zero",,
0000000080005fc2,,a5:00000000800040ca,,00000791,3,"c.addi  a5, 4",,
00000000800040cc,,fs1:7fffffff00000000,,22c614d3,1,"fsgnjn.d fs1, fa2, fa2",,
00000000800040d0,,t2:0000000000000000,,4075539b,1,"sraiw   t2, a0, 7",,
00000000800040d4,,fa1:3ff0000000000000,,d23375d3,1,"fcvt.d.lu fa1, t1",,
00000000800040d8,,t3:000000000001f0dd,,00fcde1b,1,"srliw   t3, s9, 15",,
0000000080004008,,s8:0000000080006008,,00002c17,3,"auipc   s8, 0x2",,
000000008000400c,,s8:0000000080005f8e,,f86c0c13,3,"addi    s8, s8, -122",,
0000000080004010,,ra:0000000080004014,,000c00e7,3,jalr    s8,,
0000000080005f8e,,a5:00000000800040dc,,341027f3,3,"csrrs   a5, mepc, zero",,
0000000080005f92,,a4:0000000000000002,,34202773,3,"csrrs   a4, mcause, zero",,
0000000080005f96,,a3:0000000000000000,,142026f3,3,"csrrs   a3, scause, zero",,
0000000080005f9a,,a2:0000000000000a00,,30402673,3,"csrrs   a2, mie, zero",,
0000000080005f9e,,a1:0000000000000080,,344025f3,3,"csrrs   a1, mip, zero",,
0000000080005fa2,,a1:0000000034023cf3,,343025f3,3,"csrrs   a1, mtval, zero",,
0000000080005fa6,,a0:0000000000000000,,14302573,3,"csrrs   a0, stval, zero",,
0000000080005faa,,s1:0000000000000815,,b02024f3,3,"csrrs   s1, minstret, zero",,
0000000080005fc2,,a5:00000000800040e0,,00000791,3,"c.addi  a5, 4",,
00000000800040e0,,a0:0000000000000000,,027d1513,1,"slli    a0, s10, 39",,
00000000800040e4,,tp:0000000000000000,,14099273,1,"csrrw   tp, sscratch, s3",,
00000000800040e8,,t1:0000000000000000,,41d6d33b,1,"sraw    t1, a3, t4",,
00000000800040ec,,s0:ffffffffffffffff,,c213f453,1,"fcvt.wu.d s0, ft7",,
00000000800040f0,,t4:0000000000000000,,01bdfeb3,1,"and     t4, s11, s11",,
00000000800040f4,,fs7:7ff8000000000000,,021afbd3,1,"fadd.d  fs7, fs5, ft1",,
00000000800040f8,,s7:ffffffffa0000000,,01ce1bbb,1,"sllw    s7, t3, t3",,
00000000800040fc,,a6:0000000000000000,,01330833,1,"add     a6, t1, s3",,
0000000080004100,,fs2:7ff8000000000000,,9325f943,1,"fmadd.d fs2, fa1, fs2, fs2",,
0000000080004104,,tp:ffffffffffffffff,,02d8523b,1,"divuw   tp, a6, a3",,
0000000080004108,,a6:0000000000000000,,00469833,1,"sll     a6, a3, tp",,
000000008000410c,,a0:ffffffffffffffff,,008d853b,1,"addw    a0, s11, s0",,
0000000080004110,,s7:0000000000000000,,c03afbd3,1,"fcvt.lu.s s7, fs5",,
0000000080004114,,fs10:0000000000000000,,d23bfd53,1,"fcvt.d.lu fs10, s7",,
0000000080004118,,gp:0000000000000000,,017b11b3,1,"sll     gp, s6, s7",,
000000008000411c,,a1:0000000000680479,,4075d59b,1,"sraiw   a1, a1, 7",,
0000000080004120,,t2:0000000000000000,,002dd3b3,1,"srl     t2, s11, sp",,
0000000080004124,,t4:ffffffffffffffff,,415adebb,1,"sraw    t4, s5, s5",,
0000000080004128,,s8:00000000bf251128,,3f24dc17,1,"auipc   s8, 0x3f24d",,
000000008000412c,,s11:0000000000000000,,a32a8dd3,1,"fle.d   s11, fs5, fs2",,
0000000080004130,,a5:fffffffffffffb17,,b17af793,1,"andi    a5, s5, -1257",,
0000000080004134,,s3:0000000000000000,,03529993,1,"slli    s3, t0, 53",,
0000000080004138,,s11:ffffffffbf251128,,410c5dbb,1,"sraw    s11, s8, a6",,
000000008000413c,,s10:0000000000000001,,038edd3b,1,"divuw   s10, t4, s8",,
0000000080004140,,s1:ffffffffffffffff,,290ee493,1,"ori     s1, t4, 656",,
0000000080004144,,a1:ffffffffff97fb86,,40b405b3,1,"sub     a1, s0, a1",,
0000000080004148,,fa1:7ff8000000000000,,22b525d3,1,"fsgnjx.d fa1, fa0, fa1",,
000000008000414c,,t4:ffffffffffffffff,,00b56eb3,1,"or      t4, a0, a1",,
0000000080004150,,s6:0000000000000000,,02f1cb33,1,"div     s6, gp, a5",,
0000000080004154,,t0:ffffffffffffffff,,005ec2b3,1,"xor     t0, t4, t0",,
0000000080004158,,sp:fffffffffa9e0000,,fa9e0137,1,"lui     sp, 0xfa9e0",,
000000008000415c,,s11:0000000000000000,,005c1dbb,1,"sllw    s11, s8, t0",,
0000000080004160,,s0:fffffffffa9e0000,,00011413,1,"slli    s0, sp, 0",,
0000000080004164,,s5:00000000501a3164,,d019fa97,1,"auipc   s5, 0xd019f",,
0000000080004168,,fs7:0000000000000000,,420a8bd3,1,"fcvt.d.s fs7, fs5",,
0000000080004170,,t4:0000000000000000,,03f41e93,1,"slli    t4, s0, 63",,
0000000080004174,,s7:a9e0000000000000,,01541bb3,1,"sll     s7, s0, s5",,
0000000080004178,,s3:0000000000000000,,00099993,1,"slli    s3, s3, 0",,
000000008000417c,,s9:0000000000000001,,01cbacb3,1,"slt     s9, s7, t3",,
0000000080004180,,gp:ffffffffffffffff,,0239c1bb,1,"divw    gp, s3, gp",,
0000000080004184,,s0:ffffffffffffffff,,fff46413,1,"ori     s0, s0, -1",,
0000000080004188,,ft8:ffffffff7fc00000,,40137e53,1,"fcvt.s.d ft8, ft6",,
000000008000418c,,fs9:0000000000000000,,23ad2cd3,1,"fsgnjx.d fs9, fs10, fs10",,
0000000080004190,,fa5:ffffffff00000000,,23a6a7d3,1,"fsgnjx.d fa5, fa3, fs10",,
0000000080004194,,fa2:7fffffff00000000,,22b60653,1,"fsgnj.d fa2, fa2, fa1",,
0000000080004198,,ft3:7fffffff00000000,,22c081d3,1,"fsgnj.d ft3, ft1, fa2",,
000000008000419c,,ft11:ffffffff5f800000,,d037ffd3,1,"fcvt.s.lu ft11, a5",,
00000000800041a0,,fs6:7ff8000000000000,,1252fb53,1,"fmul.d  fs6, ft5, ft5",,
00000000800041a8,,gp:000000017e4a2250,,01ac11b3,1,"sll     gp, s8, s10",,
00000000800041ac,,fs4:7ff8000000000000,,fb667a47,1,"fmsub.d fs4, fa2, fs6, ft11",,
00000000800041b0,,fs2:7ff8000000000000,,2a9a0953,1,"fmin.d  fs2, fs4, fs1",,
00000000800041b4,,t3:0000000000000000,,a3648e53,1,"fle.d   t3, fs1, fs6",,
00000000800041b8,,s4:ffffffffc662a000,,c662aa37,1,"lui     s4, 0xc662a",,
00000000800041bc,,t0:0000000000000000,,43fe5293,1,"srai    t0, t3, 63",,
00000000800041c0,,ft10:7ff8000000000000,,221a1f53,1,"fsgnjn.d ft10, fs4, ft1",,
00000000800041c4,,s5:ffffffffef912000,,ef912ab7,1,"lui     s5, 0xef912",,
00000000800041c8,,a1:00000000796ef1c8,,f96eb597,1,"auipc   a1, 0xf96eb",,
00000000800041cc,,s0:ffffffffffffffff,,028d0433,1,"mul     s0, s10, s0",,
00000000800041d0,,s8:0000000000b50000,,00b50c37,1,"lui     s8, 0xb50",,
00000000800041d4,,s8:0000000000b504bf,,4bfc0c1b,1,"addiw   s8, s8, 1215",,
00000000800041d8,,s8:00000016a097e000,,00000c36,1,"c.slli  s8, 13",,
00000000800041da,,s8:00000016a097e3b6,,3b6c0c13,1,"addi    s8, s8, 950",,
00000000800041de,,t3:0000000000000000,,034efe33,1,"remu    t3, t4, s4",,
00000000800041e2,,fa4:7ff8000000000000,,2a170753,1,"fmin.d  fa4, fa4, ft1",,
00000000800041e6,,t1:0000000000000000,,006e033b,1,"addw    t1, t3, t1",,
00000000800041ea,,s9:7fffffff00000000,,e2060cd3,1,"fmv.x.d s9, fa2",,
00000000800041ee,,fs9:ffffffffccac4000,,d0217cd3,1,"fcvt.s.l fs9, sp",,
00000000800041f2,,t3:0000000000000000,,00107e13,1,"andi    t3, zero, 1",,
00000000800041f6,,a1:0000000000000000,,4019d59b,1,"sraiw   a1, s3, 1",,
00000000800041fa,,a0:0000000000000000,,03308533,1,"mul     a0, ra, s3",,
00000000800041fe,,t1:0000000000000000,,00231373,1,"csrrw   t1, frm, t1",,
0000000080004206,,gp:0000000000000000,,03d801b3,1,"mul     gp, a6, t4",,
000000008000420a,,s11:7fffffff00000000,,019dedb3,1,"or      s11, s11, s9",,
000000008000420e,,s7:0000000000000000,,a3c10bd3,1,"fle.d   s7, ft2, ft8",,
0000000080004212,,a5:0000000000000000,,02d867bb,1,"remw    a5, a6, a3",,
0000000080004216,,ra:0000000080004014,,011090b3,1,"sll     ra, ra, a7",,
000000008000421a,,s4:00000000967a421a,,167a0a17,1,"auipc   s4, 0x167a0",,
000000008000421e,,a0:000000007fffffff,,c2017553,1,"fcvt.w.d a0, ft2",,
0000000080004222,,s1:0000000000000a00,,011604bb,1,"addw    s1, a2, a7",,
0000000080004226,,t2:ffffffffffffffff,,0004139b,1,"slliw   t2, s0, 0",,
000000008000422a,,a1:0000000000000000,,0005959b,1,"slliw   a1, a1, 0",,
000000008000422e,,a0:fffffffffa9dff23,,f2310513,1,"addi    a0, sp, -221",,
0000000080004232,,ft10:0000000000000000,,f2058f53,1,"fmv.d.x ft10, a1",,
0000000080004236,,ft11:7ff8000000000000,,1b50ffd3,1,"fdiv.d  ft11, ft1, fs5",,
000000008000423a,,fa5:7ff8000000000000,,0329f7d3,1,"fadd.d  fa5, fs3, fs2",,
000000008000423e,,a5:0000000000000000,,002817f3,1,"csrrw   a5, frm, a6",,
0000000080004242,,s10:0000000000000000,,410cdd1b,1,"sraiw   s10, s9, 16",,
0000000080004246,,ft7:7ff8000000000000,,dbb7f3cf,1,"fnmadd.d ft7, fa5, fs11, fs11",,
000000008000424a,,fs1:0000000000000000,,2b7394d3,1,"fmax.d  fs1, ft7, fs7",,
000000008000424e,,a4:0000000000000000,,00279773,1,"csrrw   a4, frm, a5",,
0000000080004252,,a5:0000000000000000,,0007979b,1,"slliw   a5, a5, 0",,
0000000080004256,,s3:0000000000000000,,002c19f3,1,"csrrw   s3, frm, s8",,
0000000080004008,,s8:0000000080006008,,00002c17,3,"auipc   s8, 0x2",,
000000008000400c,,s8:0000000080005f8e,,f86c0c13,3,"addi    s8, s8, -122",,
0000000080004010,,ra:0000000080004014,,000c00e7,3,jalr    s8,,
0000000080005f8e,,a5:000000008000425c,,341027f3,3,"csrrs   a5, mepc, zero",,
0000000080005f92,,a4:0000000000000002,,34202773,3,"csrrs   a4, mcause, zero",,
0000000080005f96,,a3:0000000000000000,,142026f3,3,"csrrs   a3, scause, zero",,
0000000080005f9a,,a2:0000000000000a00,,30402673,3,"csrrs   a2, mie, zero",,
0000000080005f9e,,a1:0000000000000080,,344025f3,3,"csrrs   a1, mip, zero",,
0000000080005fa2,,a1:00000000f13da273,,343025f3,3,"csrrs   a1, mtval, zero",,
0000000080005fa6,,a0:0000000000000000,,14302573,3,"csrrs   a0, stval, zero",,
0000000080005faa,,s1:0000000000000886,,b02024f3,3,"csrrs   s1, minstret, zero",,
0000000080005fc2,,a5:0000000080004260,,00000791,3,"c.addi  a5, 4",,
0000000080004008,,s8:0000000080006008,,00002c17,3,"auipc   s8, 0x2",,
000000008000400c,,s8:0000000080005f8e,,f86c0c13,3,"addi    s8, s8, -122",,
0000000080004010,,ra:0000000080004014,,000c00e7,3,jalr    s8,,
0000000080005f8e,,a5:0000000080004260,,341027f3,3,"csrrs   a5, mepc, zero",,
0000000080005f92,,a4:0000000000000002,,34202773,3,"csrrs   a4, mcause, zero",,
0000000080005f96,,a3:0000000000000000,,142026f3,3,"csrrs   a3, scause, zero",,
0000000080005f9a,,a2:0000000000000a00,,30402673,3,"csrrs   a2, mie, zero",,
0000000080005f9e,,a1:0000000000000080,,344025f3,3,"csrrs   a1, mip, zero",,
0000000080005fa2,,a1:00000000f361f1c3,,343025f3,3,"csrrs   a1, mtval, zero",,
0000000080005fa6,,a0:0000000000000000,,14302573,3,"csrrs   a0, stval, zero",,
0000000080005faa,,s1:0000000000000896,,b02024f3,3,"csrrs   s1, minstret, zero",,
0000000080005fc2,,a5:0000000080004264,,00000791,3,"c.addi  a5, 4",,
0000000080004264,,t3:7fffffff00000000,,a89dfe13,1,"andi    t3, s11, -1399",,
0000000080004268,,s1:0000000000000000,,009e74b3,1,"and     s1, t3, s1",,
000000008000426c,,s7:0000000080004014,,41a08bb3,1,"sub     s7, ra, s10",,
0000000080004008,,s8:0000000080006008,,00002c17,3,"auipc   s8, 0x2",,
000000008000400c,,s8:0000000080005f8e,,f86c0c13,3,"addi    s8, s8, -122",,
0000000080004010,,ra:0000000080004014,,000c00e7,3,jalr    s8,,
0000000080005f8e,,a5:0000000080004270,,341027f3,3,"csrrs   a5, mepc, zero",,
0000000080005f92,,a4:0000000000000002,,34202773,3,"csrrs   a4, mcause, zero",,
0000000080005f96,,a3:0000000000000000,,142026f3,3,"csrrs   a3, scause, zero",,
0000000080005f9a,,a2:0000000000000a00,,30402673,3,"csrrs   a2, mie, zero",,
0000000080005f9e,,a1:0000000000000080,,344025f3,3,"csrrs   a1, mip, zero",,
0000000080005fa2,,a1:00000000c21b7bd3,,343025f3,3,"csrrs   a1, mtval, zero",,
0000000080005fa6,,a0:0000000000000000,,14302573,3,"csrrs   a0, stval, zero",,
0000000080005faa,,s1:00000000000008a9,,b02024f3,3,"csrrs   s1, minstret, zero",,
0000000080005fc2,,a5:0000000080004274,,00000791,3,"c.addi  a5, 4",,
0000000080004274,,a0:0000000000000001,,00b4d51b,1,"srliw   a0, s1, 11",,
0000000080004278,,a5:0000000080004274,,4007d793,1,"srai    a5, a5, 0",,
000000008000427c,,s8:0000000000000011,,00161c73,1,"csrrw   s8, fflags, a2",,
0000000080004008,,s8:0000000080006008,,00002c17,3,"auipc   s8, 0x2",,
000000008000400c,,s8:0000000080005f8e,,f86c0c13,3,"addi    s8, s8, -122",,
0000000080004010,,ra:0000000080004014,,000c00e7,3,jalr    s8,,
0000000080005f8e,,a5:0000000080004280,,341027f3,3,"csrrs   a5, mepc, zero",,
0000000080005f92,,a4:0000000000000002,,34202773,3,"csrrs   a4, mcause, zero",,
0000000080005f96,,a3:0000000000000000,,142026f3,3,"csrrs   a3, scause, zero",,
0000000080005f9a,,a2:0000000000000a00,,30402673,3,"csrrs   a2, mie, zero",,
0000000080005f9e,,a1:0000000000000080,,344025f3,3,"csrrs   a1, mip, zero",,
0000000080005fa2,,a1:00000000b26b77cb,,343025f3,3,"csrrs   a1, mtval, zero",,
0000000080005fa6,,a0:0000000000000000,,14302573,3,"csrrs   a0, stval, zero",,
0000000080005faa,,s1:00000000000008bc,,b02024f3,3,"csrrs   s1, minstret, zero",,
0000000080005fc2,,a5:0000000080004284,,00000791,3,"c.addi  a5, 4",,
0000000080004008,,s8:0000000080006008,,00002c17,3,"auipc   s8, 0x2",,
000000008000400c,,s8:0000000080005f8e,,f86c0c13,3,"addi    s8, s8, -122",,
0000000080004010,,ra:0000000080004014,,000c00e7,3,jalr    s8,,
0000000080005f8e,,a5:0000000080004284,,341027f3,3,"csrrs   a5, mepc, zero",,
0000000080005f92,,a4:0000000000000002,,34202773,3,"csrrs   a4, mcause, zero",,
0000000080005f96,,a3:0000000000000000,,142026f3,3,"csrrs   a3, scause, zero",,
0000000080005f9a,,a2:0000000000000a00,,30402673,3,"csrrs   a2, mie, zero",,
0000000080005f9e,,a1:0000000000000080,,344025f3,3,"csrrs   a1, mip, zero",,
0000000080005fa2,,a1:000000009b337243,,343025f3,3,"csrrs   a1, mtval, zero",,
0000000080005fa6,,a0:0000000000000000,,14302573,3,"csrrs   a0, stval, zero",,
0000000080005faa,,s1:00000000000008cc,,b02024f3,3,"csrrs   s1, minstret, zero",,
0000000080005fc2,,a5:0000000080004288,,00000791,3,"c.addi  a5, 4",,
0000000080004288,,s3:0000000000000001,,001d6993,1,"ori     s3, s10, 1",,
000000008000428c,,ft5:0000000000000000,,420202d3,1,"fcvt.d.s ft5, ft4",,
0000000080004290,,a4:0000000000000000,,41a3571b,1,"sraiw   a4, t1, 26",,
0000000080004294,,s8:ffffffffffffffff,,41370c33,1,"sub     s8, a4, s3",,
0000000080004008,,s8:0000000080006008,,00002c17,3,"auipc   s8, 0x2",,
000000008000400c,,s8:0000000080005f8e,,f86c0c13,3,"addi    s8, s8, -122",,
0000000080004010,,ra:0000000080004014,,000c00e7,3,jalr    s8,,
0000000080005f8e,,a5:0000000080004298,,341027f3,3,"csrrs   a5, mepc, zero",,
0000000080005f92,,a4:0000000000000002,,34202773,3,"csrrs   a4, mcause, zero",,
0000000080005f96,,a3:0000000000000000,,142026f3,3,"csrrs   a3, scause, zero",,
0000000080005f9a,,a2:0000000000000a00,,30402673,3,"csrrs   a2, mie, zero",,
0000000080005f9e,,a1:0000000000000080,,344025f3,3,"csrrs   a1, mip, zero",,
0000000080005fa2,,a1:000000001a59ffd3,,343025f3,3,"csrrs   a1, mtval, zero",,
0000000080005fa6,,a0:0000000000000000,,14302573,3,"csrrs   a0, stval, zero",,
0000000080005faa,,s1:00000000000008e0,,b02024f3,3,"csrrs   s1, minstret, zero",,
0000000080005fc2,,a5:000000008000429c,,00000791,3,"c.addi  a5, 4",,
000000008000429c,,s11:0000000000000000,,0380adb3,1,"mulhsu  s11, ra, s8",,
00000000800042a0,,a1:0000000000000000,,015915b3,1,"sll     a1, s2, s5",,
00000000800042a4,,t2:0000000000000002,,028773b3,1,"remu    t2, a4, s0",,
00000000800042a8,,fs4:0000000000000000,,2a748a53,1,"fmin.d  fs4, fs1, ft7",,
0000000080004008,,s8:0000000080006008,,00002c17,3,"auipc   s8, 0x2",,
000000008000400c,,s8:0000000080005f8e,,f86c0c13,3,"addi    s8, s8, -122",,
0000000080004010,,ra:0000000080004014,,000c00e7,3,jalr    s8,,
0000000080005f8e,,a5:00000000800042ac,,341027f3,3,"csrrs   a5, mepc, zero",,
0000000080005f92,,a4:0000000000000002,,34202773,3,"csrrs   a4, mcause, zero",,
0000000080005f96,,a3:0000000000000000,,142026f3,3,"csrrs   a3, scause, zero",,
0000000080005f9a,,a2:0000000000000a00,,30402673,3,"csrrs   a2, mie, zero",,
0000000080005f9e,,a1:0000000000000080,,344025f3,3,"csrrs   a1, mip, zero",,
0000000080005fa2,,a1:000000004ae0f6c3,,343025f3,3,"csrrs   a1, mtval, zero",,
0000000080005fa6,,a0:0000000000000000,,14302573,3,"csrrs   a0, stval, zero",,
0000000080005faa,,s1:00000000000008f4,,b02024f3,3,"csrrs   s1, minstret, zero",,
0000000080005fc2,,a5:00000000800042b0,,00000791,3,"c.addi  a5, 4",,
00000000800042b0,,ra:00000000414632b0,,c145f097,1,"auipc   ra, 0xc145f",,
00000000800042b4,,fa6:41d0518cac000000,,d2108853,1,"fcvt.d.wu fa6, ra",,
00000000800042b8,,sp:0000000000000000,,01c1d13b,1,"srlw    sp, gp, t3",,
0000000080004008,,s8:0000000080006008,,00002c17,3,"auipc   s8, 0x2",,
000000008000400c,,s8:0000000080005f8e,,f86c0c13,3,"addi    s8, s8, -122",,
0000000080004010,,ra:0000000080004014,,000c00e7,3,jalr    s8,,
0000000080005f8e,,a5:00000000800042bc,,341027f3,3,"csrrs   a5, mepc, zero",,
0000000080005f92,,a4:0000000000000002,,34202773,3,"csrrs   a4, mcause, zero",,
0000000080005f96,,a3:0000000000000000,,142026f3,3,"csrrs   a3, scause, zero",,
0000000080005f9a,,a2:0000000000000a00,,30402673,3,"csrrs   a2, mie, zero",,
0000000080005f9e,,a1:0000000000000080,,344025f3,3,"csrrs   a1, mip, zero",,
0000000080005fa2,,a1:0000000040197d53,,343025f3,3,"csrrs   a1, mtval, zero",,
0000000080005fa6,,a0:0000000000000000,,14302573,3,"csrrs   a0, stval, zero",,
0000000080005faa,,s1:0000000000000907,,b02024f3,3,"csrrs   s1, minstret, zero",,
0000000080005fc2,,a5:00000000800042c0,,00000791,3,"c.addi  a5, 4",,
00000000800042c0,,s2:fffffffffffff800,,80050913,1,"addi    s2, a0, -2048",,
00000000800042c4,,ft5:7ff8000000000000,,2a3882d3,1,"fmin.d  ft5, fa7, ft3",,
00000000800042c8,,a7:0000000000000000,,001518f3,1,"csrrw   a7, fflags, a0",,
00000000800042cc,,a3:ffffffff90700000,,001496bb,1,"sllw    a3, s1, ra",,
0000000080004008,,s8:0000000080006008,,00002c17,3,"auipc   s8, 0x2",,
000000008000400c,,s8:0000000080005f8e,,f86c0c13,3,"addi    s8, s8, -122",,
0000000080004010,,ra:0000000080004014,,000c00e7,3,jalr    s8,,
0000000080005f8e,,a5:00000000800042d0,,341027f3,3,"csrrs   a5, mepc, zero",,
0000000080005f92,,a4:0000000000000002,,34202773,3,"csrrs   a4, mcause, zero",,
0000000080005f96,,a3:0000000000000000,,142026f3,3,"csrrs   a3, scause, zero",,
0000000080005f9a,,a2:0000000000000a00,,30402673,3,"csrrs   a2, mie, zero",,
0000000080005f9e,,a1:0000000000000080,,344025f3,3,"csrrs   a1, mip, zero",,
0000000080005fa2,,a1:000000003035d073,,343025f3,3,"csrrs   a1, mtval, zero",,
0000000080005fa6,,a0:0000000000000000,,14302573,3,"csrrs   a0, stval, zero",,
0000000080005faa,,s1:000000000000091b,,b02024f3,3,"csrrs   s1, minstret, zero",,
0000000080005fc2,,a5:00000000800042d4,,00000791,3,"c.addi  a5, 4",,
0000000080004008,,s8:0000000080006008,,00002c17,3,"auipc   s8, 0x2",,
000000008000400c,,s8:0000000080005f8e,,f86c0c13,3,"addi    s8, s8, -122",,
0000000080004010,,ra:0000000080004014,,000c00e7,3,jalr    s8,,
0000000080005f8e,,a5:00000000800042d4,,341027f3,3,"csrrs   a5, mepc, zero",,
0000000080005f92,,a4:0000000000000002,,34202773,3,"csrrs   a4, mcause, zero",,
0000000080005f96,,a3:0000000000000000,,142026f3,3,"csrrs   a3, scause, zero",,
0000000080005f9a,,a2:0000000000000a00,,30402673,3,"csrrs   a2, mie, zero",,
0000000080005f9e,,a1:0000000000000080,,344025f3,3,"csrrs   a1, mip, zero",,
0000000080005fa2,,a1:000000009b28fb4b,,343025f3,3,"csrrs   a1, mtval, zero",,
0000000080005fa6,,a0:0000000000000000,,14302573,3,"csrrs   a0, stval, zero",,
0000000080005faa,,s1:000000000000092b,,b02024f3,3,"csrrs   s1, minstret, zero",,
0000000080005fc2,,a5:00000000800042d8,,00000791,3,"c.addi  a5, 4",,
00000000800042d8,,t1:ffffffffffffffff,,fffd0313,1,"addi    t1, s10, -1",,
00000000800042dc,,a7:ffffffffd7bb5000,,d7bb58b7,1,"lui     a7, 0xd7bb5",,
00000000800042e0,,sp:0000000000000000,,03f05113,1,"srli    sp, zero, 63",,
00000000800042e4,,tp:fffffffffffffffe,,0013121b,1,"slliw   tp, t1, 1",,
00000000800042e8,,gp:0000000000000000,,001021f3,1,"csrrs   gp, fflags, zero",,
00000000800042ec,,s4:0000000000000000,,a2bb0a53,1,"fle.d   s4, fs6, fa1",,
00000000800042f0,,s11:0000000000000000,,40055d9b,1,"sraiw   s11, a0, 0",,
00000000800042f4,,s8:0000000080005f8f,,0189cc33,1,"xor     s8, s3, s8",,
00000000800042f8,,tp:ffffffffffffffff,,01d31233,1,"sll     tp, t1, t4",,
00000000800042fc,,t0:0000000000000000,,005692b3,1,"sll     t0, a3, t0",,
0000000080004300,,s10:0000000000000000,,40b3dd33,1,"sra     s10, t2, a1",,
0000000080004304,,t4:0000000000000000,,00000eaa,1,"c.slli  t4, 10",,
0000000080004306,,ft1:7ff8000000000000,,2ac180d3,1,"fmin.d  ft1, ft3, fa2",,
0000000080004008,,s8:0000000080006008,,00002c17,3,"auipc   s8, 0x2",,
000000008000400c,,s8:0000000080005f8e,,f86c0c13,3,"addi    s8, s8, -122",,
0000000080004010,,ra:0000000080004014,,000c00e7,3,jalr    s8,,
0000000080005f8e,,a5:000000008000430a,,341027f3,3,"csrrs   a5, mepc, zero",,
0000000080005f92,,a4:0000000000000002,,34202773,3,"csrrs   a4, mcause, zero",,
0000000080005f96,,a3:0000000000000000,,142026f3,3,"csrrs   a3, scause, zero",,
0000000080005f9a,,a2:0000000000000a00,,30402673,3,"csrrs   a2, mie, zero",,
0000000080005f9e,,a1:0000000000000080,,344025f3,3,"csrrs   a1, mip, zero",,
0000000080005fa2,,a1:00000000d230f6d3,,343025f3,3,"csrrs   a1, mtval, zero",,
0000000080005fa6,,a0:0000000000000000,,14302573,3,"csrrs   a0, stval, zero",,
0000000080005faa,,s1:0000000000000948,,b02024f3,3,"csrrs   s1, minstret, zero",,
0000000080005fc2,,a5:000000008000430e,,00000791,3,"c.addi  a5, 4",,
0000000080004008,,s8:0000000080006008,,00002c17,3,"auipc   s8, 0x2",,
000000008000400c,,s8:0000000080005f8e,,f86c0c13,3,"addi    s8, s8, -122",,
0000000080004010,,ra:0000000080004014,,000c00e7,3,jalr    s8,,
0000000080005f8e,,a5:000000008000430e,,341027f3,3,"csrrs   a5, mepc, zero",,
0000000080005f92,,a4:0000000000000002,,34202773,3,"csrrs   a4, mcause, zero",,
0000000080005f96,,a3:0000000000000000,,142026f3,3,"csrrs   a3, scause, zero",,
0000000080005f9a,,a2:0000000000000a00,,30402673,3,"csrrs   a2, mie, zero",,
0000000080005f9e,,a1:0000000000000080,,344025f3,3,"csrrs   a1, mip, zero",,
0000000080005fa2,,a1:00000000401d7ad3,,343025f3,3,"csrrs   a1, mtval, zero",,
0000000080005fa6,,a0:0000000000000000,,14302573,3,"csrrs   a0, stval, zero",,
0000000080005faa,,s1:0000000000000958,,b02024f3,3,"csrrs   s1, minstret, zero",,
0000000080005fc2,,a5:0000000080004312,,00000791,3,"c.addi  a5, 4",,
0000000080004312,,fa3:7ff8000000000000,,2bc396d3,1,"fmax.d  fa3, ft7, ft8",,
0000000080004316,,s11:0000000000000958,,40d4ddb3,1,"sra     s11, s1, a3",,
000000008000431a,,a0:00000000800047eb,,7ff0c513,1,"xori    a0, ra, 2047",,
000000008000431e,,fa6:7ff8000000000000,,2bb38853,1,"fmin.d  fa6, ft7, fs11",,
0000000080004008,,s8:0000000080006008,,00002c17,3,"auipc   s8, 0x2",,
000000008000400c,,s8:0000000080005f8e,,f86c0c13,3,"addi    s8, s8, -122",,
0000000080004010,,ra:0000000080004014,,000c00e7,3,jalr    s8,,
0000000080005f8e,,a5:0000000080004322,,341027f3,3,"csrrs   a5, mepc, zero",,
0000000080005f92,,a4:0000000000000002,,34202773,3,"csrrs   a4, mcause, zero",,
0000000080005f96,,a3:0000000000000000,,142026f3,3,"csrrs   a3, scause, zero",,
0000000080005f9a,,a2:0000000000000a00,,30402673,3,"csrrs   a2, mie, zero",,
0000000080005f9e,,a1:0000000000000080,,344025f3,3,"csrrs   a1, mip, zero",,
0000000080005fa2,,a1:000000000bbdf753,,343025f3,3,"csrrs   a1, mtval, zero",,
0000000080005fa6,,a0:0000000000000000,,14302573,3,"csrrs   a0, stval, zero",,
0000000080005faa,,s1:000000000000096c,,b02024f3,3,"csrrs   s1, minstret, zero",,
0000000080005fc2,,a5:0000000080004326,,00000791,3,"c.addi  a5, 4",,
0000000080004008,,s8:0000000080006008,,00002c17,3,"auipc   s8, 0x2",,
000000008000400c,,s8:0000000080005f8e,,f86c0c13,3,"addi    s8, s8, -122",,
0000000080004010,,ra:0000000080004014,,000c00e7,3,jalr    s8,,
0000000080005f8e,,a5:000000008000432a,,341027f3,3,"csrrs   a5, mepc, zero",,
0000000080005f92,,a4:0000000000000002,,34202773,3,"csrrs   a4, mcause, zero",,
0000000080005f96,,a3:0000000000000000,,142026f3,3,"csrrs   a3, scause, zero",,
0000000080005f9a,,a2:0000000000000a00,,30402673,3,"csrrs   a2, mie, zero",,
0000000080005f9e,,a1:0000000000000080,,344025f3,3,"csrrs   a1, mip, zero",,
0000000080005fa2,,a1:00000000c22ffbd3,,343025f3,3,"csrrs   a1, mtval, zero",,
0000000080005fa6,,a0:0000000000000000,,14302573,3,"csrrs   a0, stval, zero",,
0000000080005faa,,s1:000000000000097d,,b02024f3,3,"csrrs   s1, minstret, zero",,
0000000080005fc2,,a5:000000008000432e,,00000791,3,"c.addi  a5, 4",,
000000008000432e,,a2:00000000000007ff,,7ffee613,1,"ori     a2, t4, 2047",,
0000000080004332,,s11:0000000000000000,,00a00dbb,1,"addw    s11, zero, a0",,
0000000080004336,,fs5:7ff8000000000000,,2bbd8ad3,1,"fmin.d  fs5, fs11, fs11",,
000000008000433a,,sp:ffffffffc22ff794,,bc15811b,1,"addiw   sp, a1, -1087",,
000000008000433e,,ft1:0000000000000000,,d21e00d3,1,"fcvt.d.wu ft1, t3",,
0000000080004342,,s8:ffffffffc22ffbd3,,01a58c3b,1,"addw    s8, a1, s10",,
0000000080004346,,gp:ffffffffc22ffd5f,,68cc4193,1,"xori    gp, s8, 1676",,
000000008000434a,,fs4:0000000000000000,,2a910a53,1,"fmin.d  fs4, ft2, fs1",,
000000008000434e,,fa5:0000000000000000,,d20e87d3,1,"fcvt.d.w fa5, t4",,
0000000080004352,,s4:0000000000000000,,003efa33,1,"and     s4, t4, gp",,
0000000080004356,,s1:fffffffffffff800,,800de493,1,"ori     s1, s11, -2048",,
000000008000435a,,tp:7ff8000000000000,,e20f8253,1,"fmv.x.d tp, ft11",,
0000000080004008,,s8:0000000080006008,,00002c17,3,"auipc   s8, 0x2",,
000000008000400c,,s8:0000000080005f8e,,f86c0c13,3,"addi    s8, s8, -122",,
0000000080004010,,ra:0000000080004014,,000c00e7,3,jalr    s8,,
0000000080005f8e,,a5:000000008000435e,,341027f3,3,"csrrs   a5, mepc, zero",,
0000000080005f92,,a4:0000000000000002,,34202773,3,"csrrs   a4, mcause, zero",,
0000000080005f96,,a3:0000000000000000,,142026f3,3,"csrrs   a3, scause, zero",,
0000000080005f9a,,a2:0000000000000a00,,30402673,3,"csrrs   a2, mie, zero",,
0000000080005f9e,,a1:0000000000000080,,344025f3,3,"csrrs   a1, mip, zero",,
0000000080005fa2,,a1:000000006b18fccb,,343025f3,3,"csrrs   a1, mtval, zero",,
0000000080005fa6,,a0:0000000000000000,,14302573,3,"csrrs   a0, stval, zero",,
0000000080005faa,,s1:0000000000000999,,b02024f3,3,"csrrs   s1, minstret, zero",,
0000000080005fc2,,a5:0000000080004362,,00000791,3,"c.addi  a5, 4",,
0000000080004362,,s0:0000000000000000,,03fb9413,1,"slli    s0, s7, 63",,
0000000080004366,,t0:0000000000000000,,03a45293,1,"srli    t0, s0, 58",,
000000008000436c,,a2:0000000000000000,,00d5561b,1,"srliw   a2, a0, 13",,
0000000080004008,,s8:0000000080006008,,00002c17,3,"auipc   s8, 0x2",,
000000008000400c,,s8:0000000080005f8e,,f86c0c13,3,"addi    s8, s8, -122",,
0000000080004010,,ra:0000000080004014,,000c00e7,3,jalr    s8,,
0000000080005f8e,,a5:0000000080004370,,341027f3,3,"csrrs   a5, mepc, zero",,
0000000080005f92,,a4:0000000000000002,,34202773,3,"csrrs   a4, mcause, zero",,
0000000080005f96,,a3:0000000000000000,,142026f3,3,"csrrs   a3, scause, zero",,
0000000080005f9a,,a2:0000000000000a00,,30402673,3,"csrrs   a2, mie, zero",,
0000000080005f9e,,a1:0000000000000080,,344025f3,3,"csrrs   a1, mip, zero",,
0000000080005fa2,,a1:000000005a00f753,,343025f3,3,"csrrs   a1, mtval, zero",,
0000000080005fa6,,a0:0000000000000000,,14302573,3,"csrrs   a0, stval, zero",,
0000000080005faa,,s1:00000000000009ad,,b02024f3,3,"csrrs   s1, minstret, zero",,
0000000080005fc2,,a5:0000000080004374,,00000791,3,"c.addi  a5, 4",,
0000000080004374,,a3:0000000012577000,,125776b7,1,"lui     a3, 0x12577",,
0000000080004378,,a0:ffffffffffffff53,,8005e513,1,"ori     a0, a1, -2048",,
000000008000437c,,a3:000000005a00f753,,019596b3,1,"sll     a3, a1, s9",,
0000000080004380,,t1:fffffffffffa9800,,00b51313,1,"slli    t1, a0, 11",,
0000000080004384,,a0:000000007fffffa9,,0135553b,1,"srlw    a0, a0, s3",,
0000000080004008,,s8:0000000080006008,,00002c17,3,"auipc   s8, 0x2",,
000000008000400c,,s8:0000000080005f8e,,f86c0c13,3,"addi    s8, s8, -122",,
0000000080004010,,ra:0000000080004014,,000c00e7,3,jalr    s8,,
0000000080005f8e,,a5:0000000080004388,,341027f3,3,"csrrs   a5, mepc, zero",,
0000000080005f92,,a4:0000000000000002,,34202773,3,"csrrs   a4, mcause, zero",,
0000000080005f96,,a3:0000000000000000,,142026f3,3,"csrrs   a3, scause, zero",,
0000000080005f9a,,a2:0000000000000a00,,30402673,3,"csrrs   a2, mie, zero",,
0000000080005f9e,,a1:0000000000000080,,344025f3,3,"csrrs   a1, mip, zero",,
0000000080005fa2,,a1:00000000c22af653,,343025f3,3,"csrrs   a1, mtval, zero",,
0000000080005fa6,,a0:0000000000000000,,14302573,3,"csrrs   a0, stval, zero",,
0000000080005faa,,s1:00000000000009c2,,b02024f3,3,"csrrs   s1, minstret, zero",,
0000000080005fc2,,a5:000000008000438c,,00000791,3,"c.addi  a5, 4",,
000000008000438c,,s3:0000000000000000,,014a69b3,1,"or      s3, s4, s4",,
0000000080004390,,s3:0000000000000006,,002029f3,1,"csrrs   s3, frm, zero",,
0000000080004394,,t3:ffffffff7fffb959,,ad57ce13,1,"xori    t3, a5, -1323",,
0000000080004008,,s8:0000000080006008,,00002c17,3,"auipc   s8, 0x2",,
000000008000400c,,s8:0000000080005f8e,,f86c0c13,3,"addi    s8, s8, -122",,
0000000080004010,,ra:0000000080004014,,000c00e7,3,jalr    s8,,
0000000080005f8e,,a5:0000000080004398,,341027f3,3,"csrrs   a5, mepc, zero",,
0000000080005f92,,a4:0000000000000002,,34202773,3,"csrrs   a4, mcause, zero",,
0000000080005f96,,a3:0000000000000000,,142026f3,3,"csrrs   a3, scause, zero",,
0000000080005f9a,,a2:0000000000000a00,,30402673,3,"csrrs   a2, mie, zero",,
0000000080005f9e,,a1:0000000000000080,,344025f3,3,"csrrs   a1, mip, zero",,
0000000080005fa2,,a1:00000000d028f5d3,,343025f3,3,"csrrs   a1, mtval, zero",,
0000000080005fa6,,a0:0000000000000000,,14302573,3,"csrrs   a0, stval, zero",,
0000000080005faa,,s1:00000000000009d5,,b02024f3,3,"csrrs   s1, minstret, zero",,
0000000080005fc2,,a5:000000008000439c,,00000791,3,"c.addi  a5, 4",,
000000008000439c,,s4:7ffffffed7bb5000,,011c8a33,1,"add     s4, s9, a7",,
00000000800043a0,,s5:0000000000000400,,4090dab3,1,"sra     s5, ra, s1",,
0000000080004008,,s8:0000000080006008,,00002c17,3,"auipc   s8, 0x2",,
000000008000400c,,s8:0000000080005f8e,,f86c0c13,3,"addi    s8, s8, -122",,
0000000080004010,,ra:0000000080004014,,000c00e7,3,jalr    s8,,
0000000080005f8e,,a5:00000000800043a4,,341027f3,3,"csrrs   a5, mepc, zero",,
0000000080005f92,,a4:0000000000000002,,34202773,3,"csrrs   a4, mcause, zero",,
0000000080005f96,,a3:0000000000000000,,142026f3,3,"csrrs   a3, scause, zero",,
0000000080005f9a,,a2:0000000000000a00,,30402673,3,"csrrs   a2, mie, zero",,
0000000080005f9e,,a1:0000000000000080,,344025f3,3,"csrrs   a1, mip, zero",,
0000000080005fa2,,a1:000000004015f7d3,,343025f3,3,"csrrs   a1, mtval, zero",,
0000000080005fa6,,a0:0000000000000000,,14302573,3,"csrrs   a0, stval, zero",,
0000000080005faa,,s1:00000000000009e7,,b02024f3,3,"csrrs   s1, minstret, zero",,
0000000080005fc2,,a5:00000000800043a8,,00000791,3,"c.addi  a5, 4",,
00000000800043a8,,s10:fffffffffffff619,,40950d3b,1,"subw    s10, a0, s1",,
00000000800043ac,,s5:0000000000000000,,02490abb,1,"mulw    s5, s2, tp",,
00000000800043b0,,s0:0000000000000000,,035a3433,1,"mulhu   s0, s4, s5",,
00000000800043b4,,s2:0000000000000002,,01b3d93b,1,"srlw    s2, t2, s11",,
00000000800043b8,,fa3:4000000000000000,,d20906d3,1,"fcvt.d.w fa3, s2",,
00000000800043bc,,t1:0000000000000000,,401dd313,1,"srai    t1, s11, 1",,
00000000800043c0,,s3:fffffffffffffa86,,a86b4993,1,"xori    s3, s6, -1402",,
00000000800043c4,,a1:0000000000000010,,001025f3,1,"csrrs   a1, fflags, zero",,
00000000800043c8,,a6:0003ffffffff5eed,,0188d833,1,"srl     a6, a7, s8",,
00000000800043cc,,t3:fffffffffffffc47,,c4726e13,1,"ori     t3, tp, -953",,
00000000800043d0,,t2:0000000000000001,,0043a3b3,1,"slt     t2, t2, tp",,
0000000080004008,,s8:0000000080006008,,00002c17,3,"auipc   s8, 0x2",,
000000008000400c,,s8:0000000080005f8e,,f86c0c13,3,"addi    s8, s8, -122",,
0000000080004010,,ra:0000000080004014,,000c00e7,3,jalr    s8,,
0000000080005f8e,,a5:00000000800043d4,,341027f3,3,"csrrs   a5, mepc, zero",,
0000000080005f92,,a4:0000000000000002,,34202773,3,"csrrs   a4, mcause, zero",,
0000000080005f96,,a3:0000000000000000,,142026f3,3,"csrrs   a3, scause, zero",,
0000000080005f9a,,a2:0000000000000a00,,30402673,3,"csrrs   a2, mie, zero",,
0000000080005f9e,,a1:0000000000000080,,344025f3,3,"csrrs   a1, mip, zero",,
0000000080005fa2,,a1:0000000013fd7553,,343025f3,3,"csrrs   a1, mtval, zero",,
0000000080005fa6,,a0:0000000000000000,,14302573,3,"csrrs   a0, stval, zero",,
0000000080005faa,,s1:0000000000000a02,,b02024f3,3,"csrrs   s1, minstret, zero",,
0000000080005fc2,,a5:00000000800043d8,,00000791,3,"c.addi  a5, 4",,
00000000800043d8,,ft2:4000000000000000,,2b168153,1,"fmin.d  ft2, fa3, fa7",,
00000000800043dc,,s2:0000000000000001,,0163d933,1,"srl     s2, t2, s6",,
00000000800043e0,,a3:ffffffffd7bb45fe,,409a06bb,1,"subw    a3, s4, s1",,
00000000800043e4,,s0:0000000000000010,,00102473,1,"csrrs   s0, fflags, zero",,
00000000800043e8,,s5:0000000000000010,,02547ab3,1,"remu    s5, s0, t0",,
00000000800043ec,,ft9:0000000000000000,,222f2ed3,1,"fsgnjx.d ft9, ft10, ft2",,
00000000800043f0,,a5:0003ffffc22f5c4c,,010187b3,1,"add     a5, gp, a6",,
00000000800043f4,,a0:fffffffffffffa6a,,a6b94513,1,"xori    a0, s2, -1429",,
00000000800043fc,,a5:0000000000000000,,0324f7bb,1,"remuw   a5, s1, s2",,
0000000080004400,,gp:ffffffff80005f8e,,00cc51bb,1,"srlw    gp, s8, a2",,
0000000080004404,,t4:000000002844ac47,,01c8ceb3,1,"xor     t4, a7, t3",,
0000000080004408,,ra:0000000080005fdf,,459c6093,1,"ori     ra, s8, 1113",,
000000008000440c,,s6:0000000000000000,,403b5b33,1,"sra     s6, s6, gp",,
0000000080004410,,s9:0000000000000000,,144c6cf3,1,"csrrsi  s9, sip, 24",,
0000000080004414,,a4:0000000000000000,,039b773b,1,"remuw   a4, s6, s9",,
0000000080004008,,s8:0000000080006008,,00002c17,3,"auipc   s8, 0x2",,
000000008000400c,,s8:0000000080005f8e,,f86c0c13,3,"addi    s8, s8, -122",,
0000000080004010,,ra:0000000080004014,,000c00e7,3,jalr    s8,,
0000000080005f8e,,a5:0000000080004418,,341027f3,3,"csrrs   a5, mepc, zero",,
0000000080005f92,,a4:0000000000000002,,34202773,3,"csrrs   a4, mcause, zero",,
0000000080005f96,,a3:0000000000000000,,142026f3,3,"csrrs   a3, scause, zero",,
0000000080005f9a,,a2:0000000000000a00,,30402673,3,"csrrs   a2, mie, zero",,
0000000080005f9e,,a1:0000000000000080,,344025f3,3,"csrrs   a1, mip, zero",,
0000000080005fa2,,a1:00000000d03c7dd3,,343025f3,3,"csrrs   a1, mtval, zero",,
0000000080005fa6,,a0:0000000000000000,,14302573,3,"csrrs   a0, stval, zero",,
0000000080005faa,,s1:0000000000000a22,,b02024f3,3,"csrrs   s1, minstret, zero",,
0000000080005fc2,,a5:000000008000441c,,00000791,3,"c.addi  a5, 4",,
000000008000441c,,fa0:7fffffff00000000,,23c61553,1,"fsgnjn.d fa0, fa2, ft8",,
0000000080004420,,s11:ffffffffffffff94,,f94d8d9b,1,"addiw   s11, s11, -108",,
0000000080004424,,ft7:7ff8000000000000,,420303d3,1,"fcvt.d.s ft7, ft6",,
0000000080004008,,s8:0000000080006008,,00002c17,3,"auipc   s8, 0x2",,
000000008000400c,,s8:0000000080005f8e,,f86c0c13,3,"addi    s8, s8, -122",,
0000000080004010,,ra:0000000080004014,,000c00e7,3,jalr    s8,,
0000000080005f8e,,a5:0000000080004428,,341027f3,3,"csrrs   a5, mepc, zero",,
0000000080005f92,,a4:0000000000000002,,34202773,3,"csrrs   a4, mcause, zero",,
0000000080005f96,,a3:0000000000000000,,142026f3,3,"csrrs   a3, scause, zero",,
0000000080005f9a,,a2:0000000000000a00,,30402673,3,"csrrs   a2, mie, zero",,
0000000080005f9e,,a1:0000000000000080,,344025f3,3,"csrrs   a1, mip, zero",,
0000000080005fa2,,a1:000000001a10ff53,,343025f3,3,"csrrs   a1, mtval, zero",,
0000000080005fa6,,a0:0000000000000000,,14302573,3,"csrrs   a0, stval, zero",,
0000000080005faa,,s1:0000000000000a35,,b02024f3,3,"csrrs   s1, minstret, zero",,
0000000080005fc2,,a5:000000008000442c,,00000791,3,"c.addi  a5, 4",,
000000008000442c,,fs9:41effffff2800000,,d21d8cd3,1,"fcvt.d.wu fs9, s11",,
0000000080004430,,s9:0000000000000002,,40d70cb3,1,"sub     s9, a4, a3",,
0000000080004434,,a6:7ffffffffffffe23,,007e5833,1,"srl     a6, t3, t2",,
0000000080004438,,tp:fffffffffffff609,,408d023b,1,"subw    tp, s10, s0",,
0000000080004008,,s8:0000000080006008,,00002c17,3,"auipc   s8, 0x2",,
000000008000400c,,s8:0000000080005f8e,,f86c0c13,3,"addi    s8, s8, -122",,
0000000080004010,,ra:0000000080004014,,000c00e7,3,jalr    s8,,
0000000080005f8e,,a5:000000008000443c,,341027f3,3,"csrrs   a5, mepc, zero",,
0000000080005f92,,a4:0000000000000002,,34202773,3,"csrrs   a4, mcause, zero",,
0000000080005f96,,a3:0000000000000000,,142026f3,3,"csrrs   a3, scause, zero",,
0000000080005f9a,,a2:0000000000000a00,,30402673,3,"csrrs   a2, mie, zero",,
0000000080005f9e,,a1:0000000000000080,,344025f3,3,"csrrs   a1, mip, zero",,
0000000080005fa2,,a1:00000000401df153,,343025f3,3,"csrrs   a1, mtval, zero",,
0000000080005fa6,,a0:0000000000000000,,14302573,3,"csrrs   a0, stval, zero",,
0000000080005faa,,s1:0000000000000a49,,b02024f3,3,"csrrs   s1, minstret, zero",,
0000000080005fc2,,a5:0000000080004440,,00000791,3,"c.addi  a5, 4",,
0000000080004008,,s8:0000000080006008,,00002c17,3,"auipc   s8, 0x2",,
000000008000400c,,s8:0000000080005f8e,,f86c0c13,3,"addi    s8, s8, -122",,
0000000080004010,,ra:0000000080004014,,000c00e7,3,jalr    s8,,
0000000080005f8e,,a5:0000000080004440,,341027f3,3,"csrrs   a5, mepc, zero",,
0000000080005f92,,a4:0000000000000002,,34202773,3,"csrrs   a4, mcause, zero",,
0000000080005f96,,a3:0000000000000000,,142026f3,3,"csrrs   a3, scause, zero",,
0000000080005f9a,,a2:0000000000000a00,,30402673,3,"csrrs   a2, mie, zero",,
0000000080005f9e,,a1:0000000000000080,,344025f3,3,"csrrs   a1, mip, zero",,
0000000080005fa2,,a1:00000000c22afb53,,343025f3,3,"csrrs   a1, mtval, zero",,
0000000080005fa6,,a0:0000000000000000,,14302573,3,"csrrs   a0, stval, zero",,
0000000080005faa,,s1:0000000000000a59,,b02024f3,3,"csrrs   s1, minstret, zero",,
0000000080005fc2,,a5:0000000080004444,,00000791,3,"c.addi  a5, 4",,
0000000080004444,,gp:ffffffffffffffea,,4139d1bb,1,"sraw    gp, s3, s3",,
0000000080004448,,fs7:7ff8000000000000,,2ae19bd3,1,"fmax.d  fs7, ft3, fa4",,
0000000080004008,,s8:0000000080006008,,00002c17,3,"auipc   s8, 0x2",,
000000008000400c,,s8:0000000080005f8e,,f86c0c13,3,"addi    s8, s8, -122",,
0000000080004010,,ra:0000000080004014,,000c00e7,3,jalr    s8,,
0000000080005f8e,,a5:000000008000444c,,341027f3,3,"csrrs   a5, mepc, zero",,
0000000080005f92,,a4:0000000000000002,,34202773,3,"csrrs   a4, mcause, zero",,
0000000080005f96,,a3:0000000000000000,,142026f3,3,"csrrs   a3, scause, zero",,
0000000080005f9a,,a2:0000000000000a00,,30402673,3,"csrrs   a2, mie, zero",,
0000000080005f9e,,a1:0000000000000080,,344025f3,3,"csrrs   a1, mip, zero",,
0000000080005fa2,,a1:00000000437a75cf,,343025f3,3,"csrrs   a1, mtval, zero",,
0000000080005fa6,,a0:0000000000000000,,14302573,3,"csrrs   a0, stval, zero",,
0000000080005faa,,s1:0000000000000a6b,,b02024f3,3,"csrrs   s1, minstret, zero",,
0000000080005fc2,,a5:0000000080004450,,00000791,3,"c.addi  a5, 4",,
0000000080004450,,s5:000000002844ac47,,01c8cab3,1,"xor     s5, a7, t3",,
0000000080004454,,a3:0000000000000000,,4093569b,1,"sraiw   a3, t1, 9",,
0000000080004458,,s4:ffffffffd7bb4609,,03123a33,1,"mulhu   s4, tp, a7",,
0000000080004008,,s8:0000000080006008,,00002c17,3,"auipc   s8, 0x2",,
000000008000400c,,s8:0000000080005f8e,,f86c0c13,3,"addi    s8, s8, -122",,
0000000080004010,,ra:0000000080004014,,000c00e7,3,jalr    s8,,
0000000080005f8e,,a5:0000000080004460,,341027f3,3,"csrrs   a5, mepc, zero",,
0000000080005f92,,a4:0000000000000002,,34202773,3,"csrrs   a4, mcause, zero",,
0000000080005f96,,a3:0000000000000000,,142026f3,3,"csrrs   a3, scause, zero",,
0000000080005f9a,,a2:0000000000000a00,,30402673,3,"csrrs   a2, mie, zero",,
0000000080005f9e,,a1:0000000000000080,,344025f3,3,"csrrs   a1, mip, zero",,
0000000080005fa2,,a1:00000000d0217cd3,,343025f3,3,"csrrs   a1, mtval, zero",,
0000000080005fa6,,a0:0000000000000000,,14302573,3,"csrrs   a0, stval, zero",,
0000000080005faa,,s1:0000000000000a7f,,b02024f3,3,"csrrs   s1, minstret, zero",,
0000000080005fc2,,a5:0000000080004464,,00000791,3,"c.addi  a5, 4",,
0000000080004464,,a7:0000000000000010,,001898f3,1,"csrrw   a7, fflags, a7",,
0000000080004468,,t2:0000000000000000,,0143d3bb,1,"srlw    t2, t2, s4",,
000000008000446c,,ft11:0000000000000000,,234a2fd3,1,"fsgnjx.d ft11, fs4, fs4",,
0000000080004470,,s6:ffffffffd7bb3e09,,800a0b1b,1,"addiw   s6, s4, -2048",,
0000000080004474,,s11:00000000d8625474,,58621d97,1,"auipc   s11, 0x58621",,
0000000080004478,,a0:0000000000000000,,40840533,1,"sub     a0, s0, s0",,
000000008000447c,,t4:0000000000000a81,,00e48ebb,1,"addw    t4, s1, a4",,
0000000080004008,,s8:0000000080006008,,00002c17,3,"auipc   s8, 0x2",,
000000008000400c,,s8:0000000080005f8e,,f86c0c13,3,"addi    s8, s8, -122",,
0000000080004010,,ra:0000000080004014,,000c00e7,3,jalr    s8,,
0000000080005f8e,,a5:0000000080004480,,341027f3,3,"csrrs   a5, mepc, zero",,
0000000080005f92,,a4:0000000000000002,,34202773,3,"csrrs   a4, mcause, zero",,
0000000080005f96,,a3:0000000000000000,,142026f3,3,"csrrs   a3, scause, zero",,
0000000080005f9a,,a2:0000000000000a00,,30402673,3,"csrrs   a2, mie, zero",,
0000000080005f9e,,a1:0000000000000080,,344025f3,3,"csrrs   a1, mip, zero",,
0000000080005fa2,,a1:00000000c320f0c3,,343025f3,3,"csrrs   a1, mtval, zero",,
0000000080005fa6,,a0:0000000000000000,,14302573,3,"csrrs   a0, stval, zero",,
0000000080005faa,,s1:0000000000000a96,,b02024f3,3,"csrrs   s1, minstret, zero",,
0000000080005fc2,,a5:0000000080004484,,00000791,3,"c.addi  a5, 4",,
0000000080004008,,s8:0000000080006008,,00002c17,3,"auipc   s8, 0x2",,
000000008000400c,,s8:0000000080005f8e,,f86c0c13,3,"addi    s8, s8, -122",,
0000000080004010,,ra:0000000080004014,,000c00e7,3,jalr    s8,,
0000000080005f8e,,a5:0000000080004484,,341027f3,3,"csrrs   a5, mepc, zero",,
0000000080005f92,,a4:0000000000000002,,34202773,3,"csrrs   a4, mcause, zero",,
0000000080005f96,,a3:0000000000000000,,142026f3,3,"csrrs   a3, scause, zero",,
0000000080005f9a,,a2:0000000000000a00,,30402673,3,"csrrs   a2, mie, zero",,
0000000080005f9e,,a1:0000000000000080,,344025f3,3,"csrrs   a1, mip, zero",,
0000000080005fa2,,a1:0000000013077dd3,,343025f3,3,"csrrs   a1, mtval, zero",,
0000000080005fa6,,a0:0000000000000000,,14302573,3,"csrrs   a0, stval, zero",,
0000000080005faa,,s1:0000000000000aa6,,b02024f3,3,"csrrs   s1, minstret, zero",,
0000000080005fc2,,a5:0000000080004488,,00000791,3,"c.addi  a5, 4",,
0000000080004008,,s8:0000000080006008,,00002c17,3,"auipc   s8, 0x2",,
000000008000400c,,s8:0000000080005f8e,,f86c0c13,3,"addi    s8, s8, -122",,
0000000080004010,,ra:0000000080004014,,000c00e7,3,jalr    s8,,
0000000080005f8e,,a5:0000000080004488,,341027f3,3,"csrrs   a5, mepc, zero",,
0000000080005f92,,a4:0000000000000002,,34202773,3,"csrrs   a4, mcause, zero",,
0000000080005f96,,a3:0000000000000000,,142026f3,3,"csrrs   a3, scause, zero",,
0000000080005f9a,,a2:0000000000000a00,,30402673,3,"csrrs   a2, mie, zero",,
0000000080005f9e,,a1:0000000000000080,,344025f3,3,"csrrs   a1, mip, zero",,
0000000080005fa2,,a1:00000000c22b7653,,343025f3,3,"csrrs   a1, mtval, zero",,
0000000080005fa6,,a0:0000000000000000,,14302573,3,"csrrs   a0, stval, zero",,
0000000080005faa,,s1:0000000000000ab6,,b02024f3,3,"csrrs   s1, minstret, zero",,
0000000080005fc2,,a5:000000008000448c,,00000791,3,"c.addi  a5, 4",,
000000008000448c,,fs10:0000000000000000,,23a08d53,1,"fsgnj.d fs10, ft1, fs10",,
0000000080004490,,fa7:7fffffff00000000,,231da8d3,1,"fsgnjx.d fa7, fs11, fa7",,
0000000080004008,,s8:0000000080006008,,00002c17,3,"auipc   s8, 0x2",,
000000008000400c,,s8:0000000080005f8e,,f86c0c13,3,"addi    s8, s8, -122",,
0000000080004010,,ra:0000000080004014,,000c00e7,3,jalr    s8,,
0000000080005f8e,,a5:0000000080004494,,341027f3,3,"csrrs   a5, mepc, zero",,
0000000080005f92,,a4:0000000000000002,,34202773,3,"csrrs   a4, mcause, zero",,
0000000080005f96,,a3:0000000000000000,,142026f3,3,"csrrs   a3, scause, zero",,
0000000080005f9a,,a2:0000000000000a00,,30402673,3,"csrrs   a2, mie, zero",,
0000000080005f9e,,a1:0000000000000080,,344025f3,3,"csrrs   a1, mip, zero",,
0000000080005fa2,,a1:00000000b82a2473,,343025f3,3,"csrrs   a1, mtval, zero",,
0000000080005fa6,,a0:0000000000000000,,14302573,3,"csrrs   a0, stval, zero",,
0000000080005faa,,s1:0000000000000ac8,,b02024f3,3,"csrrs   s1, minstret, zero",,
0000000080005fc2,,a5:0000000080004498,,00000791,3,"c.addi  a5, 4",,
0000000080004498,,ra:0000000000000006,,002020f3,1,"csrrs   ra, frm, zero",,
0000000080004008,,s8:0000000080006008,,00002c17,3,"auipc   s8, 0x2",,
000000008000400c,,s8:0000000080005f8e,,f86c0c13,3,"addi    s8, s8, -122",,
0000000080004010,,ra:0000000080004014,,000c00e7,3,jalr    s8,,
0000000080005f8e,,a5:000000008000449c,,341027f3,3,"csrrs   a5, mepc, zero",,
0000000080005f92,,a4:0000000000000002,,34202773,3,"csrrs   a4, mcause, zero",,
0000000080005f96,,a3:0000000000000000,,142026f3,3,"csrrs   a3, scause, zero",,
0000000080005f9a,,a2:0000000000000a00,,30402673,3,"csrrs   a2, mie, zero",,
0000000080005f9e,,a1:0000000000000080,,344025f3,3,"csrrs   a1, mip, zero",,
0000000080005fa2,,a1:00000000c22e76d3,,343025f3,3,"csrrs   a1, mtval, zero",,
0000000080005fa6,,a0:0000000000000000,,14302573,3,"csrrs   a0, stval, zero",,
0000000080005faa,,s1:0000000000000ad9,,b02024f3,3,"csrrs   s1, minstret, zero",,
0000000080005fc2,,a5:00000000800044a0,,00000791,3,"c.addi  a5, 4",,
00000000800044a0,,tp:0000000000000000,,0365423b,1,"divw    tp, a0, s6",,
0000000080004008,,s8:0000000080006008,,00002c17,3,"auipc   s8, 0x2",,
000000008000400c,,s8:0000000080005f8e,,f86c0c13,3,"addi    s8, s8, -122",,
0000000080004010,,ra:0000000080004014,,000c00e7,3,jalr    s8,,
0000000080005f8e,,a5:00000000800044a4,,341027f3,3,"csrrs   a5, mepc, zero",,
0000000080005f92,,a4:0000000000000002,,34202773,3,"csrrs   a4, mcause, zero",,
0000000080005f96,,a3:0000000000000000,,142026f3,3,"csrrs   a3, scause, zero",,
0000000080005f9a,,a2:0000000000000a00,,30402673,3,"csrrs   a2, mie, zero",,
0000000080005f9e,,a1:0000000000000080,,344025f3,3,"csrrs   a1, mip, zero",,
0000000080005fa2,,a1:00000000b240fb43,,343025f3,3,"csrrs   a1, mtval, zero",,
0000000080005fa6,,a0:0000000000000000,,14302573,3,"csrrs   a0, stval, zero",,
0000000080005faa,,s1:0000000000000aea,,b02024f3,3,"csrrs   s1, minstret, zero",,
0000000080005fc2,,a5:00000000800044a8,,00000791,3,"c.addi  a5, 4",,
00000000800044a8,,s4:0000000000000000,,4016da13,1,"srai    s4, a3, 1",,
0000000080004008,,s8:0000000080006008,,00002c17,3,"auipc   s8, 0x2",,
000000008000400c,,s8:0000000080005f8e,,f86c0c13,3,"addi    s8, s8, -122",,
0000000080004010,,ra:0000000080004014,,000c00e7,3,jalr    s8,,
0000000080005f8e,,a5:00000000800044ac,,341027f3,3,"csrrs   a5, mepc, zero",,
0000000080005f92,,a4:0000000000000002,,34202773,3,"csrrs   a4, mcause, zero",,
0000000080005f96,,a3:0000000000000000,,142026f3,3,"csrrs   a3, scause, zero",,
0000000080005f9a,,a2:0000000000000a00,,30402673,3,"csrrs   a2, mie, zero",,
0000000080005f9e,,a1:0000000000000080,,344025f3,3,"csrrs   a1, mip, zero",,
0000000080005fa2,,a1:000000001bc8fad3,,343025f3,3,"csrrs   a1, mtval, zero",,
0000000080005fa6,,a0:0000000000000000,,14302573,3,"csrrs   a0, stval, zero",,
0000000080005faa,,s1:0000000000000afb,,b02024f3,3,"csrrs   s1, minstret, zero",,
0000000080005fc2,,a5:00000000800044b0,,00000791,3,"c.addi  a5, 4",,
00000000800044b0,,s7:0000000000000000,,0126db93,1,"srli    s7, a3, 18",,
00000000800044b4,,s10:ffffffffffffffec,,41cd5d3b,1,"sraw    s10, s10, t3",,
00000000800044b8,,fs11:ffffffff00000000,,231d9dd3,1,"fsgnjn.d fs11, fs11, fa7",,
0000000080004008,,s8:0000000080006008,,00002c17,3,"auipc   s8, 0x2",,
000000008000400c,,s8:0000000080005f8e,,f86c0c13,3,"addi    s8, s8, -122",,
0000000080004010,,ra:0000000080004014,,000c00e7,3,jalr    s8,,
0000000080005f8e,,a5:00000000800044bc,,341027f3,3,"csrrs   a5, mepc, zero",,
0000000080005f92,,a4:0000000000000002,,34202773,3,"csrrs   a4, mcause, zero",,
0000000080005f96,,a3:0000000000000000,,142026f3,3,"csrrs   a3, scause, zero",,
0000000080005f9a,,a2:0000000000000a00,,30402673,3,"csrrs   a2, mie, zero",,
0000000080005f9e,,a1:0000000000000080,,344025f3,3,"csrrs   a1, mip, zero",,
0000000080005fa2,,a1:000000005a05f5d3,,343025f3,3,"csrrs   a1, mtval, zero",,
0000000080005fa6,,a0:0000000000000000,,14302573,3,"csrrs   a0, stval, zero",,
0000000080005faa,,s1:0000000000000b0e,,b02024f3,3,"csrrs   s1, minstret, zero",,
0000000080005fc2,,a5:00000000800044c0,,00000791,3,"c.addi  a5, 4",,
00000000800044c0,,t2:fffffffffffff447,,800e039b,1,"addiw   t2, t3, -2048",,
00000000800044c4,,t1:fffffffffffffbc1,,bbf70313,1,"addi    t1, a4, -1089",,
00000000800044c8,,fs11:7ff8000000000000,,420e8dd3,1,"fcvt.d.s fs11, ft9",,
00000000800044cc,,ft0:7ff8000000000000,,23772053,1,"fsgnjx.d ft0, fa4, fs7",,
00000000800044d0,,a3:ffffffffc22ff7ff,,7ff16693,1,"ori     a3, sp, 2047",,
00000000800044d4,,a1:0000000000000006,,002025f3,1,"csrrs   a1, frm, zero",,
0000000080004008,,s8:0000000080006008,,00002c17,3,"auipc   s8, 0x2",,
000000008000400c,,s8:0000000080005f8e,,f86c0c13,3,"addi    s8, s8, -122",,
0000000080004010,,ra:0000000080004014,,000c00e7,3,jalr    s8,,
0000000080005f8e,,a5:00000000800044d8,,341027f3,3,"csrrs   a5, mepc, zero",,
0000000080005f92,,a4:0000000000000002,,34202773,3,"csrrs   a4, mcause, zero",,
0000000080005f96,,a3:0000000000000000,,142026f3,3,"csrrs   a3, scause, zero",,
0000000080005f9a,,a2:0000000000000a00,,30402673,3,"csrrs   a2, mie, zero",,
0000000080005f9e,,a1:0000000000000080,,344025f3,3,"csrrs   a1, mip, zero",,
0000000080005fa2,,a1:00000000d2247ad3,,343025f3,3,"csrrs   a1, mtval, zero",,
0000000080005fa6,,a0:0000000000000000,,14302573,3,"csrrs   a0, stval, zero",,
0000000080005faa,,s1:0000000000000b24,,b02024f3,3,"csrrs   s1, minstret, zero",,
0000000080005fc2,,a5:00000000800044dc,,00000791,3,"c.addi  a5, 4",,
00000000800044dc,,a1:00000000d2247ad3,,014595b3,1,"sll     a1, a1, s4",,
00000000800044e0,,a0:ffffffffffffffff,,0345d53b,1,"divuw   a0, a1, s4",,
0000000080004008,,s8:0000000080006008,,00002c17,3,"auipc   s8, 0x2",,
000000008000400c,,s8:0000000080005f8e,,f86c0c13,3,"addi    s8, s8, -122",,
0000000080004010,,ra:0000000080004014,,000c00e7,3,jalr    s8,,
0000000080005f8e,,a5:00000000800044e4,,341027f3,3,"csrrs   a5, mepc, zero",,
0000000080005f92,,a4:0000000000000002,,34202773,3,"csrrs   a4, mcause, zero",,
0000000080005f96,,a3:0000000000000000,,142026f3,3,"csrrs   a3, scause, zero",,
0000000080005f9a,,a2:0000000000000a00,,30402673,3,"csrrs   a2, mie, zero",,
0000000080005f9e,,a1:0000000000000080,,344025f3,3,"csrrs   a1, mip, zero",,
0000000080005fa2,,a1:00000000c20df3d3,,343025f3,3,"csrrs   a1, mtval, zero",,
0000000080005fa6,,a0:0000000000000000,,14302573,3,"csrrs   a0, stval, zero",,
0000000080005faa,,s1:0000000000000b36,,b02024f3,3,"csrrs   s1, minstret, zero",,
0000000080005fc2,,a5:00000000800044e8,,00000791,3,"c.addi  a5, 4",,
00000000800044e8,,s7:fffffffffffff477,,4313eb93,1,"ori     s7, t2, 1073",,
00000000800044fc,,a2:0000000000000000,,00487633,1,"and     a2, a6, tp",,
0000000080004008,,s8:0000000080006008,,00002c17,3,"auipc   s8, 0x2",,
000000008000400c,,s8:0000000080005f8e,,f86c0c13,3,"addi    s8, s8, -122",,
0000000080004010,,ra:0000000080004014,,000c00e7,3,jalr    s8,,
0000000080005f8e,,a5:0000000080004504,,341027f3,3,"csrrs   a5, mepc, zero",,
0000000080005f92,,a4:0000000000000002,,34202773,3,"csrrs   a4, mcause, zero",,
0000000080005f96,,a3:0000000000000000,,142026f3,3,"csrrs   a3, scause, zero",,
0000000080005f9a,,a2:0000000000000a00,,30402673,3,"csrrs   a2, mie, zero",,
0000000080005f9e,,a1:0000000000000080,,344025f3,3,"csrrs   a1, mip, zero",,
0000000080005fa2,,a1:00000000d2397a53,,343025f3,3,"csrrs   a1, mtval, zero",,
0000000080005fa6,,a0:0000000000000000,,14302573,3,"csrrs   a0, stval, zero",,
0000000080005faa,,s1:0000000000000b4d,,b02024f3,3,"csrrs   s1, minstret, zero",,
0000000080005fc2,,a5:0000000080004508,,00000791,3,"c.addi  a5, 4",,
0000000080004008,,s8:0000000080006008,,00002c17,3,"auipc   s8, 0x2",,
000000008000400c,,s8:0000000080005f8e,,f86c0c13,3,"addi    s8, s8, -122",,
0000000080004010,,ra:0000000080004014,,000c00e7,3,jalr    s8,,
0000000080005f8e,,a5:0000000080004508,,341027f3,3,"csrrs   a5, mepc, zero",,
0000000080005f92,,a4:0000000000000002,,34202773,3,"csrrs   a4, mcause, zero",,
0000000080005f96,,a3:0000000000000000,,142026f3,3,"csrrs   a3, scause, zero",,
0000000080005f9a,,a2:0000000000000a00,,30402673,3,"csrrs   a2, mie, zero",,
0000000080005f9e,,a1:0000000000000080,,344025f3,3,"csrrs   a1, mip, zero",,
0000000080005fa2,,a1:00000000c21778d3,,343025f3,3,"csrrs   a1, mtval, zero",,
0000000080005fa6,,a0:0000000000000000,,14302573,3,"csrrs   a0, stval, zero",,
0000000080005faa,,s1:0000000000000b5d,,b02024f3,3,"csrrs   s1, minstret, zero",,
0000000080005fc2,,a5:000000008000450c,,00000791,3,"c.addi  a5, 4",,
000000008000450c,,a5:0000000000000000,,a24487d3,1,"fle.d   a5, fs1, ft4",,
0000000080004008,,s8:0000000080006008,,00002c17,3,"auipc   s8, 0x2",,
000000008000400c,,s8:0000000080005f8e,,f86c0c13,3,"addi    s8, s8, -122",,
0000000080004010,,ra:0000000080004014,,000c00e7,3,jalr    s8,,
0000000080005f8e,,a5:0000000080004510,,341027f3,3,"csrrs   a5, mepc, zero",,
0000000080005f92,,a4:0000000000000002,,34202773,3,"csrrs   a4, mcause, zero",,
0000000080005f96,,a3:0000000000000000,,142026f3,3,"csrrs   a3, scause, zero",,
0000000080005f9a,,a2:0000000000000a00,,30402673,3,"csrrs   a2, mie, zero",,
0000000080005f9e,,a1:0000000000000080,,344025f3,3,"csrrs   a1, mip, zero",,
0000000080005fa2,,a1:000000005a0d7d53,,343025f3,3,"csrrs   a1, mtval, zero",,
0000000080005fa6,,a0:0000000000000000,,14302573,3,"csrrs   a0, stval, zero",,
0000000080005faa,,s1:0000000000000b6e,,b02024f3,3,"csrrs   s1, minstret, zero",,
0000000080005fc2,,a5:0000000080004514,,00000791,3,"c.addi  a5, 4",,
0000000080004514,,fs7:7ff8000000000000,,2202abd3,1,"fsgnjx.d fs7, ft5, ft0",,
0000000080004518,,s3:0000000000000010,,001599f3,1,"csrrw   s3, fflags, a1",,
000000008000451c,,s0:0000000000000000,,00008435,1,"c.srai  s0, 13",,
000000008000451e,,s6:ffffffff800040d5,,00f30b3b,1,"addw    s6, t1, a5",,
0000000080004526,,s10:fffffffffffde080,,01531d3b,1,"sllw    s10, t1, s5",,
000000008000452a,,s2:0000000000000000,,0004193b,1,"sllw    s2, s0, zero",,
000000008000452e,,s4:00000000051a8000,,051a8a37,1,"lui     s4, 0x51a8",,
0000000080004532,,s4:00000000051a871b,,71ba0a1b,1,"addiw   s4, s4, 1819",,
0000000080004536,,s4:00000051a871b000,,00000a32,1,"c.slli  s4, 12",,
0000000080004538,,s4:00000051a871b2a5,,2a5a0a13,1,"addi    s4, s4, 677",,
0000000080004008,,s8:0000000080006008,,00002c17,3,"auipc   s8, 0x2",,
000000008000400c,,s8:0000000080005f8e,,f86c0c13,3,"addi    s8, s8, -122",,
0000000080004010,,ra:0000000080004014,,000c00e7,3,jalr    s8,,
0000000080005f8e,,a5:000000008000453c,,341027f3,3,"csrrs   a5, mepc, zero",,
0000000080005f92,,a4:0000000000000002,,34202773,3,"csrrs   a4, mcause, zero",,
0000000080005f96,,a3:0000000000000000,,142026f3,3,"csrrs   a3, scause, zero",,
0000000080005f9a,,a2:0000000000000a00,,30402673,3,"csrrs   a2, mie, zero",,
0000000080005f9e,,a1:0000000000000080,,344025f3,3,"csrrs   a1, mip, zero",,
0000000080005fa2,,a1:000000003b947d4f,,343025f3,3,"csrrs   a1, mtval, zero",,
0000000080005fa6,,a0:0000000000000000,,14302573,3,"csrrs   a0, stval, zero",,
0000000080005faa,,s1:0000000000000b89,,b02024f3,3,"csrrs   s1, minstret, zero",,
0000000080005fc2,,a5:0000000080004540,,00000791,3,"c.addi  a5, 4",,
0000000080004540,,a7:0000000000000000,,412458bb,1,"sraw    a7, s0, s2",,
0000000080004008,,s8:0000000080006008,,00002c17,3,"auipc   s8, 0x2",,
000000008000400c,,s8:0000000080005f8e,,f86c0c13,3,"addi    s8, s8, -122",,
0000000080004010,,ra:0000000080004014,,000c00e7,3,jalr    s8,,
0000000080005f8e,,a5:0000000080004544,,341027f3,3,"csrrs   a5, mepc, zero",,
0000000080005f92,,a4:0000000000000002,,34202773,3,"csrrs   a4, mcause, zero",,
0000000080005f96,,a3:0000000000000000,,142026f3,3,"csrrs   a3, scause, zero",,
0000000080005f9a,,a2:0000000000000a00,,30402673,3,"csrrs   a2, mie, zero",,
0000000080005f9e,,a1:0000000000000080,,344025f3,3,"csrrs   a1, mip, zero",,
0000000080005fa2,,a1:00000000c23d7bd3,,343025f3,3,"csrrs   a1, mtval, zero",,
0000000080005fa6,,a0:0000000000000000,,14302573,3,"csrrs   a0, stval, zero",,
0000000080005faa,,s1:0000000000000b9a,,b02024f3,3,"csrrs   s1, minstret, zero",,
0000000080005fc2,,a5:0000000080004548,,00000791,3,"c.addi  a5, 4",,
0000000080004548,,fa0:7ff8000000000000,,42078553,1,"fcvt.d.s fa0, fa5",,
0000000080004008,,s8:0000000080006008,,00002c17,3,"auipc   s8, 0x2",,
000000008000400c,,s8:0000000080005f8e,,f86c0c13,3,"addi    s8, s8, -122",,
0000000080004010,,ra:0000000080004014,,000c00e7,3,jalr    s8,,
0000000080005f8e,,a5:000000008000454c,,341027f3,3,"csrrs   a5, mepc, zero",,
0000000080005f92,,a4:0000000000000002,,34202773,3,"csrrs   a4, mcause, zero",,
0000000080005f96,,a3:0000000000000000,,142026f3,3,"csrrs   a3, scause, zero",,
0000000080005f9a,,a2:0000000000000a00,,30402673,3,"csrrs   a2, mie, zero",,
0000000080005f9e,,a1:0000000000000080,,344025f3,3,"csrrs   a1, mip, zero",,
0000000080005fa2,,a1:000000000a157253,,343025f3,3,"csrrs   a1, mtval, zero",,
0000000080005fa6,,a0:0000000000000000,,14302573,3,"csrrs   a0, stval, zero",,
0000000080005faa,,s1:0000000000000bab,,b02024f3,3,"csrrs   s1, minstret, zero",,
0000000080005fc2,,a5:0000000080004550,,00000791,3,"c.addi  a5, 4",,
0000000080004008,,s8:0000000080006008,,00002c17,3,"auipc   s8, 0x2",,
000000008000400c,,s8:0000000080005f8e,,f86c0c13,3,"addi    s8, s8, -122",,
0000000080004010,,ra:0000000080004014,,000c00e7,3,jalr    s8,,
0000000080005f8e,,a5:0000000080004550,,341027f3,3,"csrrs   a5, mepc, zero",,
0000000080005f92,,a4:0000000000000002,,34202773,3,"csrrs   a4, mcause, zero",,
0000000080005f96,,a3:0000000000000000,,142026f3,3,"csrrs   a3, scause, zero",,
0000000080005f9a,,a2:0000000000000a00,,30402673,3,"csrrs   a2, mie, zero",,
0000000080005f9e,,a1:0000000000000080,,344025f3,3,"csrrs   a1, mip, zero",,
0000000080005fa2,,a1:000000000a927bd3,,343025f3,3,"csrrs   a1, mtval, zero",,
0000000080005fa6,,a0:0000000000000000,,14302573,3,"csrrs   a0, stval, zero",,
0000000080005faa,,s1:0000000000000bbb,,b02024f3,3,"csrrs   s1, minstret, zero",,
0000000080005fc2,,a5:0000000080004554,,00000791,3,"c.addi  a5, 4",,
0000000080004554,,s6:ffffffffffffffff,,021b1b33,1,"mulh    s6, s6, ra",,
0000000080004558,,a0:0000000000000013,,00102573,1,"csrrs   a0, fflags, zero",,
000000008000455c,,a4:0000000000000001,,034b573b,1,"divuw   a4, s6, s4",,
0000000080004560,,fs3:0000000000000000,,2bd819d3,1,"fmax.d  fs3, fa6, ft9",,
0000000080004008,,s8:0000000080006008,,00002c17,3,"auipc   s8, 0x2",,
000000008000400c,,s8:0000000080005f8e,,f86c0c13,3,"addi    s8, s8, -122",,
0000000080004010,,ra:0000000080004014,,000c00e7,3,jalr    s8,,
0000000080005f8e,,a5:0000000080004564,,341027f3,3,"csrrs   a5, mepc, zero",,
0000000080005f92,,a4:0000000000000002,,34202773,3,"csrrs   a4, mcause, zero",,
0000000080005f96,,a3:0000000000000000,,142026f3,3,"csrrs   a3, scause, zero",,
0000000080005f9a,,a2:0000000000000a00,,30402673,3,"csrrs   a2, mie, zero",,
0000000080005f9e,,a1:0000000000000080,,344025f3,3,"csrrs   a1, mip, zero",,
0000000080005fa2,,a1:00000000c0267bd3,,343025f3,3,"csrrs   a1, mtval, zero",,
0000000080005fa6,,a0:0000000000000000,,14302573,3,"csrrs   a0, stval, zero",,
0000000080005faa,,s1:0000000000000bcf,,b02024f3,3,"csrrs   s1, minstret, zero",,
0000000080005fc2,,a5:0000000080004568,,00000791,3,"c.addi  a5, 4",,
0000000080004568,,a4:0000000000000000,,38257713,1,"andi    a4, a0, 898",,
0000000080004008,,s8:0000000080006008,,00002c17,3,"auipc   s8, 0x2",,
000000008000400c,,s8:0000000080005f8e,,f86c0c13,3,"addi    s8, s8, -122",,
0000000080004010,,ra:0000000080004014,,000c00e7,3,jalr    s8,,
0000000080005f8e,,a5:000000008000456c,,341027f3,3,"csrrs   a5, mepc, zero",,
0000000080005f92,,a4:0000000000000002,,34202773,3,"csrrs   a4, mcause, zero",,
0000000080005f96,,a3:0000000000000000,,142026f3,3,"csrrs   a3, scause, zero",,
0000000080005f9a,,a2:0000000000000a00,,30402673,3,"csrrs   a2, mie, zero",,
0000000080005f9e,,a1:0000000000000080,,344025f3,3,"csrrs   a1, mip, zero",,
0000000080005fa2,,a1:00000000d226f153,,343025f3,3,"csrrs   a1, mtval, zero",,
0000000080005fa6,,a0:0000000000000000,,14302573,3,"csrrs   a0, stval, zero",,
0000000080005faa,,s1:0000000000000be0,,b02024f3,3,"csrrs   s1, minstret, zero",,
0000000080005fc2,,a5:0000000080004570,,00000791,3,"c.addi  a5, 4",,
0000000080004008,,s8:0000000080006008,,00002c17,3,"auipc   s8, 0x2",,
000000008000400c,,s8:0000000080005f8e,,f86c0c13,3,"addi    s8, s8, -122",,
0000000080004010,,ra:0000000080004014,,000c00e7,3,jalr    s8,,
0000000080005f8e,,a5:0000000080004570,,341027f3,3,"csrrs   a5, mepc, zero",,
0000000080005f92,,a4:0000000000000002,,34202773,3,"csrrs   a4, mcause, zero",,
0000000080005f96,,a3:0000000000000000,,142026f3,3,"csrrs   a3, scause, zero",,
0000000080005f9a,,a2:0000000000000a00,,30402673,3,"csrrs   a2, mie, zero",,
0000000080005f9e,,a1:0000000000000080,,344025f3,3,"csrrs   a1, mip, zero",,
0000000080005fa2,,a1:00000000d02af853,,343025f3,3,"csrrs   a1, mtval, zero",,
0000000080005fa6,,a0:0000000000000000,,14302573,3,"csrrs   a0, stval, zero",,
0000000080005faa,,s1:0000000000000bf0,,b02024f3,3,"csrrs   s1, minstret, zero",,
0000000080005fc2,,a5:0000000080004574,,00000791,3,"c.addi  a5, 4",,
0000000080004008,,s8:0000000080006008,,00002c17,3,"auipc   s8, 0x2",,
000000008000400c,,s8:0000000080005f8e,,f86c0c13,3,"addi    s8, s8, -122",,
0000000080004010,,ra:0000000080004014,,000c00e7,3,jalr    s8,,
0000000080005f8e,,a5:0000000080004578,,341027f3,3,"csrrs   a5, mepc, zero",,
0000000080005f92,,a4:0000000000000002,,34202773,3,"csrrs   a4, mcause, zero",,
0000000080005f96,,a3:0000000000000000,,142026f3,3,"csrrs   a3, scause, zero",,
0000000080005f9a,,a2:0000000000000a00,,30402673,3,"csrrs   a2, mie, zero",,
0000000080005f9e,,a1:0000000000000080,,344025f3,3,"csrrs   a1, mip, zero",,
0000000080005fa2,,a1:0000000003b87dd3,,343025f3,3,"csrrs   a1, mtval, zero",,
0000000080005fa6,,a0:0000000000000000,,14302573,3,"csrrs   a0, stval, zero",,
0000000080005faa,,s1:0000000000000c01,,b02024f3,3,"csrrs   s1, minstret, zero",,
0000000080005fc2,,a5:000000008000457c,,00000791,3,"c.addi  a5, 4",,
0000000080004008,,s8:0000000080006008,,00002c17,3,"auipc   s8, 0x2",,
000000008000400c,,s8:0000000080005f8e,,f86c0c13,3,"addi    s8, s8, -122",,
0000000080004010,,ra:0000000080004014,,000c00e7,3,jalr    s8,,
0000000080005f8e,,a5:000000008000457c,,341027f3,3,"csrrs   a5, mepc, zero",,
0000000080005f92,,a4:0000000000000002,,34202773,3,"csrrs   a4, mcause, zero",,
0000000080005f96,,a3:0000000000000000,,142026f3,3,"csrrs   a3, scause, zero",,
0000000080005f9a,,a2:0000000000000a00,,30402673,3,"csrrs   a2, mie, zero",,
0000000080005f9e,,a1:0000000000000080,,344025f3,3,"csrrs   a1, mip, zero",,
0000000080005fa2,,a1:000000001bf7f1cb,,343025f3,3,"csrrs   a1, mtval, zero",,
0000000080005fa6,,a0:0000000000000000,,14302573,3,"csrrs   a0, stval, zero",,
0000000080005faa,,s1:0000000000000c11,,b02024f3,3,"csrrs   s1, minstret, zero",,
0000000080005fc2,,a5:0000000080004580,,00000791,3,"c.addi  a5, 4",,
0000000080004580,,s10:0000000000000000,,00005d3b,1,"srlw    s10, zero, zero",,
0000000080004584,,s3:0000000000000000,,410d59bb,1,"sraw    s3, s10, a6",,
0000000080004588,,fs4:7ff8000000000000,,2aa50a53,1,"fmin.d  fs4, fa0, fa0",,
0000000080004008,,s8:0000000080006008,,00002c17,3,"auipc   s8, 0x2",,
000000008000400c,,s8:0000000080005f8e,,f86c0c13,3,"addi    s8, s8, -122",,
0000000080004010,,ra:0000000080004014,,000c00e7,3,jalr    s8,,
0000000080005f8e,,a5:000000008000458c,,341027f3,3,"csrrs   a5, mepc, zero",,
0000000080005f92,,a4:0000000000000002,,34202773,3,"csrrs   a4, mcause, zero",,
0000000080005f96,,a3:0000000000000000,,142026f3,3,"csrrs   a3, scause, zero",,
0000000080005f9a,,a2:0000000000000a00,,30402673,3,"csrrs   a2, mie, zero",,
0000000080005f9e,,a1:0000000000000080,,344025f3,3,"csrrs   a1, mip, zero",,
0000000080005fa2,,a1:000000001aa1ff53,,343025f3,3,"csrrs   a1, mtval, zero",,
0000000080005fa6,,a0:0000000000000000,,14302573,3,"csrrs   a0, stval, zero",,
0000000080005faa,,s1:0000000000000c24,,b02024f3,3,"csrrs   s1, minstret, zero",,
0000000080005fc2,,a5:0000000080004590,,00000791,3,"c.addi  a5, 4",,
0000000080004590,,s1:0000000000000000,,0339e4bb,1,"remw    s1, s3, s3",,
0000000080004594,,s10:0000000000000000,,0296fd33,1,"remu    s10, a3, s1",,
0000000080004598,,s5:0000000000000000,,036aeab3,1,"rem     s5, s5, s6",,
000000008000459c,,ft11:bff0000000000000,,d20b0fd3,1,"fcvt.d.w ft11, s6",,
00000000800045a0,,ft1:7ff8000000000000,,420880d3,1,"fcvt.d.s ft1, fa7",,
00000000800045a4,,a6:0000000000000000,,40c0583b,1,"sraw    a6, zero, a2",,
00000000800045a8,,a3:0000000000000000,,00c816bb,1,"sllw    a3, a6, a2",,
00000000800045ac,,s5:0000000000000000,,41080abb,1,"subw    s5, a6, a6",,
0000000080004008,,s8:0000000080006008,,00002c17,3,"auipc   s8, 0x2",,
000000008000400c,,s8:0000000080005f8e,,f86c0c13,3,"addi    s8, s8, -122",,
0000000080004010,,ra:0000000080004014,,000c00e7,3,jalr    s8,,
0000000080005f8e,,a5:00000000800045b0,,341027f3,3,"csrrs   a5, mepc, zero",,
0000000080005f92,,a4:0000000000000002,,34202773,3,"csrrs   a4, mcause, zero",,
0000000080005f96,,a3:0000000000000000,,142026f3,3,"csrrs   a3, scause, zero",,
0000000080005f9a,,a2:0000000000000a00,,30402673,3,"csrrs   a2, mie, zero",,
0000000080005f9e,,a1:0000000000000080,,344025f3,3,"csrrs   a1, mip, zero",,
0000000080005fa2,,a1:0000000012be754b,,343025f3,3,"csrrs   a1, mtval, zero",,
0000000080005fa6,,a0:0000000000000000,,14302573,3,"csrrs   a0, stval, zero",,
0000000080005faa,,s1:0000000000000c3c,,b02024f3,3,"csrrs   s1, minstret, zero",,
0000000080005fc2,,a5:00000000800045b4,,00000791,3,"c.addi  a5, 4",,
0000000080004008,,s8:0000000080006008,,00002c17,3,"auipc   s8, 0x2",,
000000008000400c,,s8:0000000080005f8e,,f86c0c13,3,"addi    s8, s8, -122",,
0000000080004010,,ra:0000000080004014,,000c00e7,3,jalr    s8,,
0000000080005f8e,,a5:00000000800045b4,,341027f3,3,"csrrs   a5, mepc, zero",,
0000000080005f92,,a4:0000000000000002,,34202773,3,"csrrs   a4, mcause, zero",,
0000000080005f96,,a3:0000000000000000,,142026f3,3,"csrrs   a3, scause, zero",,
0000000080005f9a,,a2:0000000000000a00,,30402673,3,"csrrs   a2, mie, zero",,
0000000080005f9e,,a1:0000000000000080,,344025f3,3,"csrrs   a1, mip, zero",,
0000000080005fa2,,a1:000000003230da73,,343025f3,3,"csrrs   a1, mtval, zero",,
0000000080005fa6,,a0:0000000000000000,,14302573,3,"csrrs   a0, stval, zero",,
0000000080005faa,,s1:0000000000000c4c,,b02024f3,3,"csrrs   s1, minstret, zero",,
0000000080005fc2,,a5:00000000800045b8,,00000791,3,"c.addi  a5, 4",,
00000000800045b8,,a5:0000000000000013,,001027f3,1,"csrrs   a5, fflags, zero",,
00000000800045bc,,a6:0000000000000000,,42f7d813,1,"srai    a6, a5, 47",,
0000000080004008,,s8:0000000080006008,,00002c17,3,"auipc   s8, 0x2",,
000000008000400c,,s8:0000000080005f8e,,f86c0c13,3,"addi    s8, s8, -122",,
0000000080004010,,ra:0000000080004014,,000c00e7,3,jalr    s8,,
0000000080005f8e,,a5:00000000800045c0,,341027f3,3,"csrrs   a5, mepc, zero",,
0000000080005f92,,a4:0000000000000002,,34202773,3,"csrrs   a4, mcause, zero",,
0000000080005f96,,a3:0000000000000000,,142026f3,3,"csrrs   a3, scause, zero",,
0000000080005f9a,,a2:0000000000000a00,,30402673,3,"csrrs   a2, mie, zero",,
0000000080005f9e,,a1:0000000000000080,,344025f3,3,"csrrs   a1, mip, zero",,
0000000080005fa2,,a1:00000000d025fc53,,343025f3,3,"csrrs   a1, mtval, zero",,
0000000080005fa6,,a0:0000000000000000,,14302573,3,"csrrs   a0, stval, zero",,
0000000080005faa,,s1:0000000000000c5e,,b02024f3,3,"csrrs   s1, minstret, zero",,
0000000080005fc2,,a5:00000000800045c4,,00000791,3,"c.addi  a5, 4",,
00000000800045c4,,s6:00000000800045c4,,4007db13,1,"srai    s6, a5, 0",,
00000000800045c8,,tp:0000000000000000,,03679233,1,"mulh    tp, a5, s6",,
0000000080004008,,s8:0000000080006008,,00002c17,3,"auipc   s8, 0x2",,
000000008000400c,,s8:0000000080005f8e,,f86c0c13,3,"addi    s8, s8, -122",,
0000000080004010,,ra:0000000080004014,,000c00e7,3,jalr    s8,,
0000000080005f8e,,a5:00000000800045cc,,341027f3,3,"csrrs   a5, mepc, zero",,
0000000080005f92,,a4:0000000000000002,,34202773,3,"csrrs   a4, mcause, zero",,
0000000080005f96,,a3:0000000000000000,,142026f3,3,"csrrs   a3, scause, zero",,
0000000080005f9a,,a2:0000000000000a00,,30402673,3,"csrrs   a2, mie, zero",,
0000000080005f9e,,a1:0000000000000080,,344025f3,3,"csrrs   a1, mip, zero",,
0000000080005fa2,,a1:00000000abbffdc7,,343025f3,3,"csrrs   a1, mtval, zero",,
0000000080005fa6,,a0:0000000000000000,,14302573,3,"csrrs   a0, stval, zero",,
0000000080005faa,,s1:0000000000000c70,,b02024f3,3,"csrrs   s1, minstret, zero",,
0000000080005fc2,,a5:00000000800045d0,,00000791,3,"c.addi  a5, 4",,
00000000800045d0,,s2:00000000000000d6,,0d6d6913,1,"ori     s2, s10, 214",,
00000000800045d4,,s5:0000000000000000,,02860ab3,1,"mul     s5, a2, s0",,
00000000800045d8,,s3:0000000000782000,,007829b7,1,"lui     s3, 0x782",,
00000000800045dc,,s3:0000000000781b25,,b259899b,1,"addiw   s3, s3, -1243",,
00000000800045e0,,s3:0000000781b25000,,000009b2,1,"c.slli  s3, 12",,
00000000800045e2,,s3:0000000781b24805,,80598993,1,"addi    s3, s3, -2043",,
00000000800045e6,,a3:0000000000000000,,02d566b3,1,"rem     a3, a0, a3",,
00000000800045ea,,ra:0000000000000fff,,0011d0bb,1,"srlw    ra, gp, ra",,
00000000800045f0,,t3:0000000000000000,,03859e33,1,"mulh    t3, a1, s8",,
0000000080004008,,s8:0000000080006008,,00002c17,3,"auipc   s8, 0x2",,
000000008000400c,,s8:0000000080005f8e,,f86c0c13,3,"addi    s8, s8, -122",,
0000000080004010,,ra:0000000080004014,,000c00e7,3,jalr    s8,,
0000000080005f8e,,a5:00000000800045f4,,341027f3,3,"csrrs   a5, mepc, zero",,
0000000080005f92,,a4:0000000000000002,,34202773,3,"csrrs   a4, mcause, zero",,
0000000080005f96,,a3:0000000000000000,,142026f3,3,"csrrs   a3, scause, zero",,
0000000080005f9a,,a2:0000000000000a00,,30402673,3,"csrrs   a2, mie, zero",,
0000000080005f9e,,a1:0000000000000080,,344025f3,3,"csrrs   a1, mip, zero",,
0000000080005fa2,,a1:00000000c00a51f3,,343025f3,3,"csrrs   a1, mtval, zero",,
0000000080005fa6,,a0:0000000000000000,,14302573,3,"csrrs   a0, stval, zero",,
0000000080005faa,,s1:0000000000000c8a,,b02024f3,3,"csrrs   s1, minstret, zero",,
0000000080005fc2,,a5:00000000800045f8,,00000791,3,"c.addi  a5, 4",,
00000000800045f8,,s10:ffffffffffcce000,,ffcced37,1,"lui     s10, 0xffcce",,
00000000800045fc,,s10:ffffffffffccd809,,809d0d1b,1,"addiw   s10, s10, -2039",,
0000000080004600,,s10:ffffffccd8090000,,00000d42,1,"c.slli  s10, 16",,
0000000080004602,,s10:ffffffccd808fbb3,,bb3d0d13,1,"addi    s10, s10, -1101",,
0000000080004008,,s8:0000000080006008,,00002c17,3,"auipc   s8, 0x2",,
000000008000400c,,s8:0000000080005f8e,,f86c0c13,3,"addi    s8, s8, -122",,
0000000080004010,,ra:0000000080004014,,000c00e7,3,jalr    s8,,
0000000080005f8e,,a5:0000000080004606,,341027f3,3,"csrrs   a5, mepc, zero",,
0000000080005f92,,a4:0000000000000002,,34202773,3,"csrrs   a4, mcause, zero",,
0000000080005f96,,a3:0000000000000000,,142026f3,3,"csrrs   a3, scause, zero",,
0000000080005f9a,,a2:0000000000000a00,,30402673,3,"csrrs   a2, mie, zero",,
0000000080005f9e,,a1:0000000000000080,,344025f3,3,"csrrs   a1, mip, zero",,
0000000080005fa2,,a1:00000000c23af453,,343025f3,3,"csrrs   a1, mtval, zero",,
0000000080005fa6,,a0:0000000000000000,,14302573,3,"csrrs   a0, stval, zero",,
0000000080005faa,,s1:0000000000000c9e,,b02024f3,3,"csrrs   s1, minstret, zero",,
0000000080005fc2,,a5:000000008000460a,,00000791,3,"c.addi  a5, 4",,
0000000080004008,,s8:0000000080006008,,00002c17,3,"auipc   s8, 0x2",,
000000008000400c,,s8:0000000080005f8e,,f86c0c13,3,"addi    s8, s8, -122",,
0000000080004010,,ra:0000000080004014,,000c00e7,3,jalr    s8,,
0000000080005f8e,,a5:000000008000460a,,341027f3,3,"csrrs   a5, mepc, zero",,
0000000080005f92,,a4:0000000000000002,,34202773,3,"csrrs   a4, mcause, zero",,
0000000080005f96,,a3:0000000000000000,,142026f3,3,"csrrs   a3, scause, zero",,
0000000080005f9a,,a2:0000000000000a00,,30402673,3,"csrrs   a2, mie, zero",,
0000000080005f9e,,a1:0000000000000080,,344025f3,3,"csrrs   a1, mip, zero",,
0000000080005fa2,,a1:000000000bf2fb53,,343025f3,3,"csrrs   a1, mtval, zero",,
0000000080005fa6,,a0:0000000000000000,,14302573,3,"csrrs   a0, stval, zero",,
0000000080005faa,,s1:0000000000000cae,,b02024f3,3,"csrrs   s1, minstret, zero",,
0000000080005fc2,,a5:000000008000460e,,00000791,3,"c.addi  a5, 4",,
000000008000460e,,ft7:7ff8000000000000,,2a7093d3,1,"fmax.d  ft7, ft1, ft7",,
0000000080004614,,s5:ffffffffc22ff7b6,,0a616a93,1,"ori     s5, sp, 166",,
0000000080004008,,s8:0000000080006008,,00002c17,3,"auipc   s8, 0x2",,
000000008000400c,,s8:0000000080005f8e,,f86c0c13,3,"addi    s8, s8, -122",,
0000000080004010,,ra:0000000080004014,,000c00e7,3,jalr    s8,,
0000000080005f8e,,a5:0000000080004618,,341027f3,3,"csrrs   a5, mepc, zero",,
0000000080005f92,,a4:0000000000000002,,34202773,3,"csrrs   a4, mcause, zero",,
0000000080005f96,,a3:0000000000000000,,142026f3,3,"csrrs   a3, scause, zero",,
0000000080005f9a,,a2:0000000000000a00,,30402673,3,"csrrs   a2, mie, zero",,
0000000080005f9e,,a1:0000000000000080,,344025f3,3,"csrrs   a1, mip, zero",,
0000000080005fa2,,a1:00000000d22377d3,,343025f3,3,"csrrs   a1, mtval, zero",,
0000000080005fa6,,a0:0000000000000000,,14302573,3,"csrrs   a0, stval, zero",,
0000000080005faa,,s1:0000000000000cc1,,b02024f3,3,"csrrs   s1, minstret, zero",,
0000000080005fc2,,a5:000000008000461c,,00000791,3,"c.addi  a5, 4",,
000000008000461c,,ft6:7ff8000000000000,,2b731353,1,"fmax.d  ft6, ft6, fs7",,
0000000080004620,,s10:ffffffffffffffea,,40418d33,1,"sub     s10, gp, tp",,
0000000080004008,,s8:0000000080006008,,00002c17,3,"auipc   s8, 0x2",,
000000008000400c,,s8:0000000080005f8e,,f86c0c13,3,"addi    s8, s8, -122",,
0000000080004010,,ra:0000000080004014,,000c00e7,3,jalr    s8,,
0000000080005f8e,,a5:0000000080004624,,341027f3,3,"csrrs   a5, mepc, zero",,
0000000080005f92,,a4:0000000000000002,,34202773,3,"csrrs   a4, mcause, zero",,
0000000080005f96,,a3:0000000000000000,,142026f3,3,"csrrs   a3, scause, zero",,
0000000080005f9a,,a2:0000000000000a00,,30402673,3,"csrrs   a2, mie, zero",,
0000000080005f9e,,a1:0000000000000080,,344025f3,3,"csrrs   a1, mip, zero",,
0000000080005fa2,,a1:00000000f13065f3,,343025f3,3,"csrrs   a1, mtval, zero",,
0000000080005fa6,,a0:0000000000000000,,14302573,3,"csrrs   a0, stval, zero",,
0000000080005faa,,s1:0000000000000cd3,,b02024f3,3,"csrrs   s1, minstret, zero",,
0000000080005fc2,,a5:0000000080004628,,00000791,3,"c.addi  a5, 4",,
0000000080004628,,s3:0000000000000000,,0048d9b3,1,"srl     s3, a7, tp",,
000000008000462c,,a5:00000000267df000,,267df7b7,1,"lui     a5, 0x267df",,
0000000080004630,,t4:00000000267df000,,40f7deb3,1,"sra     t4, a5, a5",,
0000000080004634,,a7:0000000000f3a000,,00f3a8b7,1,"lui     a7, 0xf3a",,
0000000080004638,,a7:0000000000f39ba7,,ba78889b,1,"addiw   a7, a7, -1113",,
000000008000463c,,a7:0000000f39ba7000,,000008b2,1,"c.slli  a7, 12",,
000000008000463e,,a7:0000000f39ba6987,,98788893,1,"addi    a7, a7, -1657",,
0000000080004642,,t0:0000000000000000,,025432b3,1,"mulhu   t0, s0, t0",,
0000000080004646,,s3:0000000039ba6187,,8008899b,1,"addiw   s3, a7, -2048",,
000000008000464a,,a5:000e6e9861c00000,,012997b3,1,"sll     a5, s3, s2",,
0000000080004008,,s8:0000000080006008,,00002c17,3,"auipc   s8, 0x2",,
000000008000400c,,s8:0000000080005f8e,,f86c0c13,3,"addi    s8, s8, -122",,
0000000080004010,,ra:0000000080004014,,000c00e7,3,jalr    s8,,
0000000080005f8e,,a5:000000008000464e,,341027f3,3,"csrrs   a5, mepc, zero",,
0000000080005f92,,a4:0000000000000002,,34202773,3,"csrrs   a4, mcause, zero",,
0000000080005f96,,a3:0000000000000000,,142026f3,3,"csrrs   a3, scause, zero",,
0000000080005f9a,,a2:0000000000000a00,,30402673,3,"csrrs   a2, mie, zero",,
0000000080005f9e,,a1:0000000000000080,,344025f3,3,"csrrs   a1, mip, zero",,
0000000080005fa2,,a1:0000000042c2f647,,343025f3,3,"csrrs   a1, mtval, zero",,
0000000080005fa6,,a0:0000000000000000,,14302573,3,"csrrs   a0, stval, zero",,
0000000080005faa,,s1:0000000000000ced,,b02024f3,3,"csrrs   s1, minstret, zero",,
0000000080005fc2,,a5:0000000080004652,,00000791,3,"c.addi  a5, 4",,
0000000080004652,,fa0:7ff8000000000000,,22c58553,1,"fsgnj.d fa0, fa1, fa2",,
0000000080004656,,a4:d0dce88da1ac0531,,03188733,1,"mul     a4, a7, a7",,
000000008000465a,,fs9:7ff8000000000000,,2acb9cd3,1,"fmax.d  fs9, fs7, fa2",,
0000000080004660,,s6:0000000000000006,,00202b73,1,"csrrs   s6, frm, zero",,
0000000080004664,,a0:0000000000000000,,00008d49,1,"c.or    a0, a0",,
0000000080004666,,a2:0000000000500000,,0120961b,1,"slliw   a2, ra, 18",,
0000000080004008,,s8:0000000080006008,,00002c17,3,"auipc   s8, 0x2",,
000000008000400c,,s8:0000000080005f8e,,f86c0c13,3,"addi    s8, s8, -122",,
0000000080004010,,ra:0000000080004014,,000c00e7,3,jalr    s8,,
0000000080005f8e,,a5:000000008000466a,,341027f3,3,"csrrs   a5, mepc, zero",,
0000000080005f92,,a4:0000000000000002,,34202773,3,"csrrs   a4, mcause, zero",,
0000000080005f96,,a3:0000000000000000,,142026f3,3,"csrrs   a3, scause, zero",,
0000000080005f9a,,a2:0000000000000a00,,30402673,3,"csrrs   a2, mie, zero",,
0000000080005f9e,,a1:0000000000000080,,344025f3,3,"csrrs   a1, mip, zero",,
0000000080005fa2,,a1:00000000c0367053,,343025f3,3,"csrrs   a1, mtval, zero",,
0000000080005fa6,,a0:0000000000000000,,14302573,3,"csrrs   a0, stval, zero",,
0000000080005faa,,s1:0000000000000d04,,b02024f3,3,"csrrs   s1, minstret, zero",,
0000000080005fc2,,a5:000000008000466e,,00000791,3,"c.addi  a5, 4",,
000000008000466e,,t1:0000000000000001,,0012e313,1,"ori     t1, t0, 1",,
0000000080004672,,a0:0000000000814000,,00814537,1,"lui     a0, 0x814",,
0000000080004676,,a0:0000000000813d41,,d415051b,1,"addiw   a0, a0, -703",,
000000008000467a,,a0:000000204f504000,,0000053a,1,"c.slli  a0, 14",,
000000008000467c,,a0:000000204f5039a8,,9a850513,1,"addi    a0, a0, -1624",,
0000000080004008,,s8:0000000080006008,,00002c17,3,"auipc   s8, 0x2",,
000000008000400c,,s8:0000000080005f8e,,f86c0c13,3,"addi    s8, s8, -122",,
0000000080004010,,ra:0000000080004014,,000c00e7,3,jalr    s8,,
0000000080005f8e,,a5:0000000080004680,,341027f3,3,"csrrs   a5, mepc, zero",,
0000000080005f92,,a4:0000000000000002,,34202773,3,"csrrs   a4, mcause, zero",,
0000000080005f96,,a3:0000000000000000,,142026f3,3,"csrrs   a3, scause, zero",,
0000000080005f9a,,a2:0000000000000a00,,30402673,3,"csrrs   a2, mie, zero",,
0000000080005f9e,,a1:0000000000000080,,344025f3,3,"csrrs   a1, mip, zero",,
0000000080005fa2,,a1:0000000040117ed3,,343025f3,3,"csrrs   a1, mtval, zero",,
0000000080005fa6,,a0:0000000000000000,,14302573,3,"csrrs   a0, stval, zero",,
0000000080005faa,,s1:0000000000000d19,,b02024f3,3,"csrrs   s1, minstret, zero",,
0000000080005fc2,,a5:0000000080004684,,00000791,3,"c.addi  a5, 4",,
0000000080004684,,s7:0000000000000000,,01751bb3,1,"sll     s7, a0, s7",,
0000000080004008,,s8:0000000080006008,,00002c17,3,"auipc   s8, 0x2",,
000000008000400c,,s8:0000000080005f8e,,f86c0c13,3,"addi    s8, s8, -122",,
0000000080004010,,ra:0000000080004014,,000c00e7,3,jalr    s8,,
0000000080005f8e,,a5:0000000080004688,,341027f3,3,"csrrs   a5, mepc, zero",,
0000000080005f92,,a4:0000000000000002,,34202773,3,"csrrs   a4, mcause, zero",,
0000000080005f96,,a3:0000000000000000,,142026f3,3,"csrrs   a3, scause, zero",,
0000000080005f9a,,a2:0000000000000a00,,30402673,3,"csrrs   a2, mie, zero",,
0000000080005f9e,,a1:0000000000000080,,344025f3,3,"csrrs   a1, mip, zero",,
0000000080005fa2,,a1:00000000eaf17cc7,,343025f3,3,"csrrs   a1, mtval, zero",,
0000000080005fa6,,a0:0000000000000000,,14302573,3,"csrrs   a0, stval, zero",,
0000000080005faa,,s1:0000000000000d2a,,b02024f3,3,"csrrs   s1, minstret, zero",,
0000000080005fc2,,a5:000000008000468c,,00000791,3,"c.addi  a5, 4",,
000000008000468c,,s9:0000000000000013,,00102cf3,1,"csrrs   s9, fflags, zero",,
0000000080004690,,s2:0000000000000000,,032ca933,1,"mulhsu  s2, s9, s2",,
0000000080004008,,s8:0000000080006008,,00002c17,3,"auipc   s8, 0x2",,
000000008000400c,,s8:0000000080005f8e,,f86c0c13,3,"addi    s8, s8, -122",,
0000000080004010,,ra:0000000080004014,,000c00e7,3,jalr    s8,,
0000000080005f8e,,a5:0000000080004694,,341027f3,3,"csrrs   a5, mepc, zero",,
0000000080005f92,,a4:0000000000000002,,34202773,3,"csrrs   a4, mcause, zero",,
0000000080005f96,,a3:0000000000000000,,142026f3,3,"csrrs   a3, scause, zero",,
0000000080005f9a,,a2:0000000000000a00,,30402673,3,"csrrs   a2, mie, zero",,
0000000080005f9e,,a1:0000000000000080,,344025f3,3,"csrrs   a1, mip, zero",,
0000000080005fa2,,a1:000000000afd7c53,,343025f3,3,"csrrs   a1, mtval, zero",,
0000000080005fa6,,a0:0000000000000000,,14302573,3,"csrrs   a0, stval, zero",,
0000000080005faa,,s1:0000000000000d3c,,b02024f3,3,"csrrs   s1, minstret, zero",,
0000000080005fc2,,a5:0000000080004698,,00000791,3,"c.addi  a5, 4",,
0000000080004698,,s8:0000000000000004,,00ecdc3b,1,"srlw    s8, s9, a4",,
0000000080004008,,s8:0000000080006008,,00002c17,3,"auipc   s8, 0x2",,
000000008000400c,,s8:0000000080005f8e,,f86c0c13,3,"addi    s8, s8, -122",,
0000000080004010,,ra:0000000080004014,,000c00e7,3,jalr    s8,,
0000000080005f8e,,a5:000000008000469c,,341027f3,3,"csrrs   a5, mepc, zero",,
0000000080005f92,,a4:0000000000000002,,34202773,3,"csrrs   a4, mcause, zero",,
0000000080005f96,,a3:0000000000000000,,142026f3,3,"csrrs   a3, scause, zero",,
0000000080005f9a,,a2:0000000000000a00,,30402673,3,"csrrs   a2, mie, zero",,
0000000080005f9e,,a1:0000000000000080,,344025f3,3,"csrrs   a1, mip, zero",,
0000000080005fa2,,a1:00000000c03c7053,,343025f3,3,"csrrs   a1, mtval, zero",,
0000000080005fa6,,a0:0000000000000000,,14302573,3,"csrrs   a0, stval, zero",,
0000000080005faa,,s1:0000000000000d4d,,b02024f3,3,"csrrs   s1, minstret, zero",,
0000000080005fc2,,a5:00000000800046a0,,00000791,3,"c.addi  a5, 4",,
0000000080004008,,s8:0000000080006008,,00002c17,3,"auipc   s8, 0x2",,
000000008000400c,,s8:0000000080005f8e,,f86c0c13,3,"addi    s8, s8, -122",,
0000000080004010,,ra:0000000080004014,,000c00e7,3,jalr    s8,,
0000000080005f8e,,a5:00000000800046a0,,341027f3,3,"csrrs   a5, mepc, zero",,
0000000080005f92,,a4:0000000000000002,,34202773,3,"csrrs   a4, mcause, zero",,
0000000080005f96,,a3:0000000000000000,,142026f3,3,"csrrs   a3, scause, zero",,
0000000080005f9a,,a2:0000000000000a00,,30402673,3,"csrrs   a2, mie, zero",,
0000000080005f9e,,a1:0000000000000080,,344025f3,3,"csrrs   a1, mip, zero",,
0000000080005fa2,,a1:0000000013c3f3d3,,343025f3,3,"csrrs   a1, mtval, zero",,
0000000080005fa6,,a0:0000000000000000,,14302573,3,"csrrs   a0, stval, zero",,
0000000080005faa,,s1:0000000000000d5d,,b02024f3,3,"csrrs   s1, minstret, zero",,
0000000080005fc2,,a5:00000000800046a4,,00000791,3,"c.addi  a5, 4",,
00000000800046a4,,s9:0000000000000006,,00261cf3,1,"csrrw   s9, frm, a2",,
00000000800046a8,,ft4:fff8000000000000,,22e31253,1,"fsgnjn.d ft4, ft6, fa4",,
00000000800046ac,,fs1:7ff8000000000000,,2b9294d3,1,"fmax.d  fs1, ft5, fs9",,
00000000800046b0,,tp:0000a00000000000,,00f61233,1,"sll     tp, a2, a5",,
00000000800046b4,,a4:0000000000000a00,,00c6573b,1,"srlw    a4, a2, a2",,
00000000800046b8,,fa5:0000000000000000,,d20507d3,1,"fcvt.d.w fa5, a0",,
00000000800046bc,,t3:0000000000000000,,01155e33,1,"srl     t3, a0, a7",,
00000000800046c0,,s0:0000000000000003,,001cd413,1,"srli    s0, s9, 1",,
00000000800046c8,,a7:fffffffffffff4cc,,0853889b,1,"addiw   a7, t2, 133",,
00000000800046cc,,a1:0000000080005f8e,,410c55b3,1,"sra     a1, s8, a6",,
00000000800046d0,,s4:0000000000000013,,00161a73,1,"csrrw   s4, fflags, a2",,
00000000800046d4,,s4:0000000000000013,,00aa1a3b,1,"sllw    s4, s4, a0",,
00000000800046d8,,a7:ffffffff80004014,,40c0d8bb,1,"sraw    a7, ra, a2",,
00000000800046dc,,t2:ffffffff8000400e,,416883b3,1,"sub     t2, a7, s6",,
00000000800046e0,,a3:00000000000007ff,,7ff2869b,1,"addiw   a3, t0, 2047",,
00000000800046e4,,s8:7ff8000000000000,,e20d8c53,1,"fmv.x.d s8, fs11",,
00000000800046e8,,s11:ffffffffffffffff,,c034fdd3,1,"fcvt.lu.s s11, fs1",,
00000000800046ec,,s6:3ffc000000000000,,001c5b13,1,"srli    s6, s8, 1",,
00000000800046f0,,t1:4000000000000000,,e2010353,1,"fmv.x.d t1, ft2",,
00000000800046f4,,s6:0000000000000000,,43fb5b13,1,"srai    s6, s6, 63",,
00000000800046f8,,fa0:ffffffff00000000,,d0397553,1,"fcvt.s.lu fa0, s2",,
00000000800046fc,,t3:0000000000000000,,00002e01,1,"c.addiw t3, 0",,
00000000800046fe,,ft11:ffffffff00000000,,22a50fd3,1,"fsgnj.d ft11, fa0, fa0",,
0000000080004702,,t3:0000000000000000,,00202e73,1,"csrrs   t3, frm, zero",,
0000000080004706,,t2:ffffffff8000400e,,0323f3b3,1,"remu    t2, t2, s2",,
0000000080004008,,s8:0000000080006008,,00002c17,3,"auipc   s8, 0x2",,
000000008000400c,,s8:0000000080005f8e,,f86c0c13,3,"addi    s8, s8, -122",,
0000000080004010,,ra:0000000080004014,,000c00e7,3,jalr    s8,,
0000000080005f8e,,a5:000000008000470a,,341027f3,3,"csrrs   a5, mepc, zero",,
0000000080005f92,,a4:0000000000000002,,34202773,3,"csrrs   a4, mcause, zero",,
0000000080005f96,,a3:0000000000000000,,142026f3,3,"csrrs   a3, scause, zero",,
0000000080005f9a,,a2:0000000000000a00,,30402673,3,"csrrs   a2, mie, zero",,
0000000080005f9e,,a1:0000000000000080,,344025f3,3,"csrrs   a1, mip, zero",,
0000000080005fa2,,a1:00000000f11319f3,,343025f3,3,"csrrs   a1, mtval, zero",,
0000000080005fa6,,a0:0000000000000000,,14302573,3,"csrrs   a0, stval, zero",,
0000000080005faa,,s1:0000000000000d87,,b02024f3,3,"csrrs   s1, minstret, zero",,
0000000080005fc2,,a5:000000008000470e,,00000791,3,"c.addi  a5, 4",,
000000008000470e,,fs5:4008000000000000,,d2247ad3,1,"fcvt.d.l fs5, s0",,
0000000080004712,,a6:0000000000000003,,0334683b,1,"remw    a6, s0, s3",,
000000008000471a,,ra:ffffffff00000000,,e20500d3,1,"fmv.x.d ra, fa0",,
000000008000471e,,t3:0000000000000003,,00081e1b,1,"slliw   t3, a6, 0",,
0000000080004722,,t1:ffffffff7fffb8f2,,40f50333,1,"sub     t1, a0, a5",,
0000000080004726,,ft4:7ff8000000000000,,23292253,1,"fsgnjx.d ft4, fs2, fs2",,
000000008000472a,,fa3:7ff8000000000000,,aa1e76cb,1,"fnmsub.d fa3, ft8, ft1, fs5",,
000000008000472e,,s3:0000000000000003,,033469b3,1,"rem     s3, s0, s3",,
0000000080004732,,ra:0000000000000002,,001750b3,1,"srl     ra, a4, ra",,
0000000080004736,,a4:7ff8000000000000,,e2008753,1,"fmv.x.d a4, ft1",,
000000008000473a,,a1:000000000003c44c,,4185d5b3,1,"sra     a1, a1, s8",,
000000008000473e,,s1:ffffffff7fffb8f1,,013344b3,1,"xor     s1, t1, s3",,
0000000080004742,,t4:000000000003c44b,,0235aeb3,1,"mulhsu  t4, a1, gp",,
0000000080004746,,ft6:7ff8000000000000,,4a94f34f,1,"fnmadd.d ft6, fs1, fs1, fs1",,
000000008000474a,,a7:000000007ffc7bc9,,41d888bb,1,"subw    a7, a7, t4",,
000000008000474e,,t4:7fffffffffffffff,,c224fed3,1,"fcvt.l.d t4, fs1",,
0000000080004752,,ra:8000000000000001,,000090f6,1,"c.add   ra, t4",,
0000000080004758,,sp:000000003dd00fbc,,82814113,1,"xori    sp, sp, -2008",,
000000008000475c,,a3:0000000000000010,,001696f3,1,"csrrw   a3, fflags, a3",,
0000000080004760,,s9:000000003dd00fbb,,fff10c93,1,"addi    s9, sp, -1",,
0000000080004764,,s6:fffffffffffffafa,,af944b13,1,"xori    s6, s0, -1287",,
0000000080004768,,s11:ffffffff8000470e,,01778dbb,1,"addw    s11, a5, s7",,
000000008000476c,,s7:0000000000000000,,02f90bbb,1,"mulw    s7, s2, a5",,
0000000080004008,,s8:0000000080006008,,00002c17,3,"auipc   s8, 0x2",,
000000008000400c,,s8:0000000080005f8e,,f86c0c13,3,"addi    s8, s8, -122",,
0000000080004010,,ra:0000000080004014,,000c00e7,3,jalr    s8,,
0000000080005f8e,,a5:0000000080004770,,341027f3,3,"csrrs   a5, mepc, zero",,
0000000080005f92,,a4:0000000000000002,,34202773,3,"csrrs   a4, mcause, zero",,
0000000080005f96,,a3:0000000000000000,,142026f3,3,"csrrs   a3, scause, zero",,
0000000080005f9a,,a2:0000000000000a00,,30402673,3,"csrrs   a2, mie, zero",,
0000000080005f9e,,a1:0000000000000080,,344025f3,3,"csrrs   a1, mip, zero",,
0000000080005fa2,,a1:00000000b8232d73,,343025f3,3,"csrrs   a1, mtval, zero",,
0000000080005fa6,,a0:0000000000000000,,14302573,3,"csrrs   a0, stval, zero",,
0000000080005faa,,s1:0000000000000db0,,b02024f3,3,"csrrs   s1, minstret, zero",,
0000000080005fc2,,a5:0000000080004774,,00000791,3,"c.addi  a5, 4",,
0000000080004774,,ra:0000000000000000,,001020f3,1,"csrrs   ra, fflags, zero",,
0000000080004008,,s8:0000000080006008,,00002c17,3,"auipc   s8, 0x2",,
000000008000400c,,s8:0000000080005f8e,,f86c0c13,3,"addi    s8, s8, -122",,
0000000080004010,,ra:0000000080004014,,000c00e7,3,jalr    s8,,
0000000080005f8e,,a5:0000000080004778,,341027f3,3,"csrrs   a5, mepc, zero",,
0000000080005f92,,a4:0000000000000002,,34202773,3,"csrrs   a4, mcause, zero",,
0000000080005f96,,a3:0000000000000000,,142026f3,3,"csrrs   a3, scause, zero",,
0000000080005f9a,,a2:0000000000000a00,,30402673,3,"csrrs   a2, mie, zero",,
0000000080005f9e,,a1:0000000000000080,,344025f3,3,"csrrs   a1, mip, zero",,
0000000080005fa2,,a1:00000000b820b873,,343025f3,3,"csrrs   a1, mtval, zero",,
0000000080005fa6,,a0:0000000000000000,,14302573,3,"csrrs   a0, stval, zero",,
0000000080005faa,,s1:0000000000000dc1,,b02024f3,3,"csrrs   s1, minstret, zero",,
0000000080005fc2,,a5:000000008000477c,,00000791,3,"c.addi  a5, 4",,
000000008000477c,,fa0:7ff8000000000000,,22d6a553,1,"fsgnjx.d fa0, fa3, fa3",,
0000000080004780,,tp:0000000000200010,,00a0d213,1,"srli    tp, ra, 10",,
0000000080004784,,ft4:41e0000802800000,,d220f253,1,"fcvt.d.l ft4, ra",,
0000000080004788,,s7:0000000000000001,,0210cbbb,1,"divw    s7, ra, ra",,
000000008000478c,,ft7:7ff8000000000000,,1b0473d3,1,"fdiv.d  ft7, fs0, fa6",,
0000000080004790,,s3:0000000000000000,,007079b3,1,"and     s3, zero, t2",,
0000000080004794,,s8:0000000000000000,,00299c73,1,"csrrw   s8, frm, s3",,
0000000080004798,,ft4:3ff0000000000000,,d21b8253,1,"fcvt.d.wu ft4, s7",,
000000008000479c,,fa1:3ff0000000000000,,23d225d3,1,"fsgnjx.d fa1, ft4, ft9",,
00000000800047a0,,fs3:7ff8000000000000,,1395f9d3,1,"fmul.d  fs3, fa1, fs9",,
00000000800047a4,,a0:ffffffffc22ff460,,bdc14513,1,"xori    a0, sp, -1060",,
00000000800047ac,,s10:7fffffffbfffdc79,,00135d13,1,"srli    s10, t1, 1",,
00000000800047b0,,t3:00000000000007ff,,7ff68e1b,1,"addiw   t3, a3, 2047",,
00000000800047b4,,fa0:7ff8000000000000,,1ae4f553,1,"fdiv.d  fa0, fs1, fa4",,
00000000800047b8,,ra:7fffffffffffffff,,c025f0d3,1,"fcvt.l.s ra, fa1",,
00000000800047bc,,s9:00000000d44987bc,,54494c97,1,"auipc   s9, 0x54494",,
00000000800047c0,,s7:ffffffffd44985a1,,de5c8b9b,1,"addiw   s7, s9, -539",,
00000000800047c4,,fs9:ffffffff4a000040,,d0327cd3,1,"fcvt.s.lu fs9, tp",,
00000000800047c8,,t1:000000002ff44000,,2ff44337,1,"lui     t1, 0x2ff44",,
00000000800047cc,,fs0:7ff8000000000000,,8a87f44f,1,"fnmadd.d fs0, fa5, fs0, fa7",,
00000000800047d0,,s0:8000000000000000,,01dd1433,1,"sll     s0, s10, t4",,
00000000800047d4,,s8:000000007fffb8f2,,41bc0c33,1,"sub     s8, s8, s11",,
00000000800047d8,,a2:ffffffffffffffea,,fff1f613,1,"andi    a2, gp, -1",,
00000000800047dc,,t4:000000000f7403ef,,40215e9b,1,"sraiw   t4, sp, 2",,
00000000800047e0,,s9:00000000fc69bfff,,00bcecb3,1,"or      s9, s9, a1",,
00000000800047e4,,a3:fff8000000000000,,00bc96b3,1,"sll     a3, s9, a1",,
00000000800047e8,,ra:0000000000000010,,001c90f3,1,"csrrw   ra, fflags, s9",,
00000000800047ec,,fs10:0000000000000000,,d222fd53,1,"fcvt.d.l fs10, t0",,
00000000800047f0,,a7:0000000000000001,,03ad58bb,1,"divuw   a7, s10, s10",,
00000000800047f4,,ft9:7ff8000000000000,,02307ed3,1,"fadd.d  ft9, ft0, ft3",,
00000000800047f8,,ft4:7ff8000000000000,,2bd01253,1,"fmax.d  ft4, ft0, ft9",,
00000000800047fe,,fa0:7ff8000000000000,,02a57553,1,"fadd.d  fa0, fa0, fa0",,
0000000080004802,,s8:000000000000001f,,00109c73,1,"csrrw   s8, fflags, ra",,
0000000080004806,,a1:000000000000000f,,001c559b,1,"srliw   a1, s8, 1",,
000000008000480a,,a2:00000000000000f0,,0045961b,1,"slliw   a2, a1, 4",,
000000008000480e,,s7:0000000000000001,,01787bb3,1,"and     s7, a6, s7",,
0000000080004812,,s6:0000000000000000,,00e85b33,1,"srl     s6, a6, a4",,
0000000080004816,,a0:0000000000000001,,400bd513,1,"srai    a0, s7, 0",,
000000008000481a,,s4:fff8000000000001,,00dbca33,1,"xor     s4, s7, a3",,
000000008000481e,,ft9:0000000000000003,,f2080ed3,1,"fmv.d.x ft9, a6",,
0000000080004822,,t3:00000000000007ff,,000e5e1b,1,"srliw   t3, t3, 0",,
0000000080004008,,s8:0000000080006008,,00002c17,3,"auipc   s8, 0x2",,
000000008000400c,,s8:0000000080005f8e,,f86c0c13,3,"addi    s8, s8, -122",,
0000000080004010,,ra:0000000080004014,,000c00e7,3,jalr    s8,,
0000000080005f8e,,a5:0000000080004826,,341027f3,3,"csrrs   a5, mepc, zero",,
0000000080005f92,,a4:0000000000000002,,34202773,3,"csrrs   a4, mcause, zero",,
0000000080005f96,,a3:0000000000000000,,142026f3,3,"csrrs   a3, scause, zero",,
0000000080005f9a,,a2:0000000000000a00,,30402673,3,"csrrs   a2, mie, zero",,
0000000080005f9e,,a1:0000000000000080,,344025f3,3,"csrrs   a1, mip, zero",,
0000000080005fa2,,a1:0000000031ad1af3,,343025f3,3,"csrrs   a1, mtval, zero",,
0000000080005fa6,,a0:0000000000000000,,14302573,3,"csrrs   a0, stval, zero",,
0000000080005faa,,s1:0000000000000dfc,,b02024f3,3,"csrrs   s1, minstret, zero",,
0000000080005fc2,,a5:000000008000482a,,00000791,3,"c.addi  a5, 4",,
000000008000482a,,s8:000000002ff44a00,,00660c3b,1,"addw    s8, a2, t1",,
000000008000482e,,s3:7fffffffffffffff,,c02ef9d3,1,"fcvt.l.s s3, ft9",,
0000000080004832,,ft1:7ff8000000000000,,8330f0c3,1,"fmadd.d ft1, ft1, fs3, fa6",,
0000000080004836,,t4:0000000000000000,,00239ef3,1,"csrrw   t4, frm, t2",,
0000000080004008,,s8:0000000080006008,,00002c17,3,"auipc   s8, 0x2",,
000000008000400c,,s8:0000000080005f8e,,f86c0c13,3,"addi    s8, s8, -122",,
0000000080004010,,ra:0000000080004014,,000c00e7,3,jalr    s8,,
0000000080005f8e,,a5:000000008000483a,,341027f3,3,"csrrs   a5, mepc, zero",,
0000000080005f92,,a4:0000000000000002,,34202773,3,"csrrs   a4, mcause, zero",,
0000000080005f96,,a3:0000000000000000,,142026f3,3,"csrrs   a3, scause, zero",,
0000000080005f9a,,a2:0000000000000a00,,30402673,3,"csrrs   a2, mie, zero",,
0000000080005f9e,,a1:0000000000000080,,344025f3,3,"csrrs   a1, mip, zero",,
0000000080005fa2,,a1:000000004280f44b,,343025f3,3,"csrrs   a1, mtval, zero",,
0000000080005fa6,,a0:0000000000000000,,14302573,3,"csrrs   a0, stval, zero",,
0000000080005faa,,s1:0000000000000e10,,b02024f3,3,"csrrs   s1, minstret, zero",,
0000000080005fc2,,a5:000000008000483e,,00000791,3,"c.addi  a5, 4",,
000000008000483e,,s2:7fffffffffffffff,,0329e933,1,"rem     s2, s3, s2",,
0000000080004842,,s2:0000000000000000,,a3d50953,1,"fle.d   s2, fa0, ft9",,
0000000080004846,,a5:000000002ff44000,,012317bb,1,"sllw    a5, t1, s2",,
000000008000484a,,gp:0000000000000000,,013971b3,1,"and     gp, s2, s3",,
000000008000484e,,t4:0000000000000000,,a3480ed3,1,"fle.d   t4, fa6, fs4",,
0000000080004852,,a5:ffffffffffffffff,,414287bb,1,"subw    a5, t0, s4",,
0000000080004856,,s7:0000000000000010,,00119bf3,1,"csrrw   s7, fflags, gp",,
000000008000485a,,sp:0000000000000000,,03f25113,1,"srli    sp, tp, 63",,
0000000080004008,,s8:0000000080006008,,00002c17,3,"auipc   s8, 0x2",,
000000008000400c,,s8:0000000080005f8e,,f86c0c13,3,"addi    s8, s8, -122",,
0000000080004010,,ra:0000000080004014,,000c00e7,3,jalr    s8,,
0000000080005f8e,,a5:000000008000485e,,341027f3,3,"csrrs   a5, mepc, zero",,
0000000080005f92,,a4:0000000000000002,,34202773,3,"csrrs   a4, mcause, zero",,
0000000080005f96,,a3:0000000000000000,,142026f3,3,"csrrs   a3, scause, zero",,
0000000080005f9a,,a2:0000000000000a00,,30402673,3,"csrrs   a2, mie, zero",,
0000000080005f9e,,a1:0000000000000080,,344025f3,3,"csrrs   a1, mip, zero",,
0000000080005fa2,,a1:00000000c2287453,,343025f3,3,"csrrs   a1, mtval, zero",,
0000000080005fa6,,a0:0000000000000000,,14302573,3,"csrrs   a0, stval, zero",,
0000000080005faa,,s1:0000000000000e28,,b02024f3,3,"csrrs   s1, minstret, zero",,
0000000080005fc2,,a5:0000000080004862,,00000791,3,"c.addi  a5, 4",,
0000000080004008,,s8:0000000080006008,,00002c17,3,"auipc   s8, 0x2",,
000000008000400c,,s8:0000000080005f8e,,f86c0c13,3,"addi    s8, s8, -122",,
0000000080004010,,ra:0000000080004014,,000c00e7,3,jalr    s8,,
0000000080005f8e,,a5:0000000080004862,,341027f3,3,"csrrs   a5, mepc, zero",,
0000000080005f92,,a4:0000000000000002,,34202773,3,"csrrs   a4, mcause, zero",,
0000000080005f96,,a3:0000000000000000,,142026f3,3,"csrrs   a3, scause, zero",,
0000000080005f9a,,a2:0000000000000a00,,30402673,3,"csrrs   a2, mie, zero",,
0000000080005f9e,,a1:0000000000000080,,344025f3,3,"csrrs   a1, mip, zero",,
0000000080005fa2,,a1:00000000c22ef053,,343025f3,3,"csrrs   a1, mtval, zero",,
0000000080005fa6,,a0:0000000000000000,,14302573,3,"csrrs   a0, stval, zero",,
0000000080005faa,,s1:0000000000000e38,,b02024f3,3,"csrrs   s1, minstret, zero",,
0000000080005fc2,,a5:0000000080004866,,00000791,3,"c.addi  a5, 4",,
0000000080004866,,fa4:7ff8000000000000,,22e68753,1,"fsgnj.d fa4, fa3, fa4",,
000000008000486a,,t0:0000000000000000,,0140529b,1,"srliw   t0, zero, 20",,
000000008000486e,,a2:ffffffff80004014,,0014063b,1,"addw    a2, s0, ra",,
0000000080004008,,s8:0000000080006008,,00002c17,3,"auipc   s8, 0x2",,
000000008000400c,,s8:0000000080005f8e,,f86c0c13,3,"addi    s8, s8, -122",,
0000000080004010,,ra:0000000080004014,,000c00e7,3,jalr    s8,,
0000000080005f8e,,a5:0000000080004876,,341027f3,3,"csrrs   a5, mepc, zero",,
0000000080005f92,,a4:0000000000000002,,34202773,3,"csrrs   a4, mcause, zero",,
0000000080005f96,,a3:0000000000000000,,142026f3,3,"csrrs   a3, scause, zero",,
0000000080005f9a,,a2:0000000000000a00,,30402673,3,"csrrs   a2, mie, zero",,
0000000080005f9e,,a1:0000000000000080,,344025f3,3,"csrrs   a1, mip, zero",,
0000000080005fa2,,a1:00000000c200f353,,343025f3,3,"csrrs   a1, mtval, zero",,
0000000080005fa6,,a0:0000000000000000,,14302573,3,"csrrs   a0, stval, zero",,
0000000080005faa,,s1:0000000000000e4c,,b02024f3,3,"csrrs   s1, minstret, zero",,
0000000080005fc2,,a5:000000008000487a,,00000791,3,"c.addi  a5, 4",,
000000008000487a,,ft5:7ff8000000000000,,2a6292d3,1,"fmax.d  ft5, ft5, ft6",,
0000000080004008,,s8:0000000080006008,,00002c17,3,"auipc   s8, 0x2",,
000000008000400c,,s8:0000000080005f8e,,f86c0c13,3,"addi    s8, s8, -122",,
0000000080004010,,ra:0000000080004014,,000c00e7,3,jalr    s8,,
0000000080005f8e,,a5:000000008000487e,,341027f3,3,"csrrs   a5, mepc, zero",,
0000000080005f92,,a4:0000000000000002,,34202773,3,"csrrs   a4, mcause, zero",,
0000000080005f96,,a3:0000000000000000,,142026f3,3,"csrrs   a3, scause, zero",,
0000000080005f9a,,a2:0000000000000a00,,30402673,3,"csrrs   a2, mie, zero",,
0000000080005f9e,,a1:0000000000000080,,344025f3,3,"csrrs   a1, mip, zero",,
0000000080005fa2,,a1:000000005a0ef453,,343025f3,3,"csrrs   a1, mtval, zero",,
0000000080005fa6,,a0:0000000000000000,,14302573,3,"csrrs   a0, stval, zero",,
0000000080005faa,,s1:0000000000000e5d,,b02024f3,3,"csrrs   s1, minstret, zero",,
0000000080005fc2,,a5:0000000080004882,,00000791,3,"c.addi  a5, 4",,
0000000080004008,,s8:0000000080006008,,00002c17,3,"auipc   s8, 0x2",,
000000008000400c,,s8:0000000080005f8e,,f86c0c13,3,"addi    s8, s8, -122",,
0000000080004010,,ra:0000000080004014,,000c00e7,3,jalr    s8,,
0000000080005f8e,,a5:0000000080004882,,341027f3,3,"csrrs   a5, mepc, zero",,
0000000080005f92,,a4:0000000000000002,,34202773,3,"csrrs   a4, mcause, zero",,
0000000080005f96,,a3:0000000000000000,,142026f3,3,"csrrs   a3, scause, zero",,
0000000080005f9a,,a2:0000000000000a00,,30402673,3,"csrrs   a2, mie, zero",,
0000000080005f9e,,a1:0000000000000080,,344025f3,3,"csrrs   a1, mip, zero",,
0000000080005fa2,,a1:000000001b9cfd53,,343025f3,3,"csrrs   a1, mtval, zero",,
0000000080005fa6,,a0:0000000000000000,,14302573,3,"csrrs   a0, stval, zero",,
0000000080005faa,,s1:0000000000000e6d,,b02024f3,3,"csrrs   s1, minstret, zero",,
0000000080005fc2,,a5:0000000080004886,,00000791,3,"c.addi  a5, 4",,
0000000080004886,,s9:0000000000000000,,032cacb3,1,"mulhsu  s9, s9, s2",,
000000008000488a,,s6:0000000000000000,,419c8b33,1,"sub     s6, s9, s9",,
000000008000488e,,ft10:7ff8000000000000,,2b969f53,1,"fmax.d  ft10, fa3, fs9",,
0000000080004894,,s8:ffffffffc22ff7b6,,002acc33,1,"xor     s8, s5, sp",,
0000000080004008,,s8:0000000080006008,,00002c17,3,"auipc   s8, 0x2",,
000000008000400c,,s8:0000000080005f8e,,f86c0c13,3,"addi    s8, s8, -122",,
0000000080004010,,ra:0000000080004014,,000c00e7,3,jalr    s8,,
0000000080005f8e,,a5:0000000080004898,,341027f3,3,"csrrs   a5, mepc, zero",,
0000000080005f92,,a4:0000000000000002,,34202773,3,"csrrs   a4, mcause, zero",,
0000000080005f96,,a3:0000000000000000,,142026f3,3,"csrrs   a3, scause, zero",,
0000000080005f9a,,a2:0000000000000a00,,30402673,3,"csrrs   a2, mie, zero",,
0000000080005f9e,,a1:0000000000000080,,344025f3,3,"csrrs   a1, mip, zero",,
0000000080005fa2,,a1:00000000d23cf8d3,,343025f3,3,"csrrs   a1, mtval, zero",,
0000000080005fa6,,a0:0000000000000000,,14302573,3,"csrrs   a0, stval, zero",,
0000000080005faa,,s1:0000000000000e82,,b02024f3,3,"csrrs   s1, minstret, zero",,
0000000080005fc2,,a5:000000008000489c,,00000791,3,"c.addi  a5, 4",,
0000000080004008,,s8:0000000080006008,,00002c17,3,"auipc   s8, 0x2",,
000000008000400c,,s8:0000000080005f8e,,f86c0c13,3,"addi    s8, s8, -122",,
0000000080004010,,ra:0000000080004014,,000c00e7,3,jalr    s8,,
0000000080005f8e,,a5:000000008000489c,,341027f3,3,"csrrs   a5, mepc, zero",,
0000000080005f92,,a4:0000000000000002,,34202773,3,"csrrs   a4, mcause, zero",,
0000000080005f96,,a3:0000000000000000,,142026f3,3,"csrrs   a3, scause, zero",,
0000000080005f9a,,a2:0000000000000a00,,30402673,3,"csrrs   a2, mie, zero",,
0000000080005f9e,,a1:0000000000000080,,344025f3,3,"csrrs   a1, mip, zero",,
0000000080005fa2,,a1:000000000a73f3d3,,343025f3,3,"csrrs   a1, mtval, zero",,
0000000080005fa6,,a0:0000000000000000,,14302573,3,"csrrs   a0, stval, zero",,
0000000080005faa,,s1:0000000000000e92,,b02024f3,3,"csrrs   s1, minstret, zero",,
0000000080005fc2,,a5:00000000800048a0,,00000791,3,"c.addi  a5, 4",,
00000000800048a0,,ra:0000000000000006,,002d10f3,1,"csrrw   ra, frm, s10",,
0000000080004008,,s8:0000000080006008,,00002c17,3,"auipc   s8, 0x2",,
000000008000400c,,s8:0000000080005f8e,,f86c0c13,3,"addi    s8, s8, -122",,
0000000080004010,,ra:0000000080004014,,000c00e7,3,jalr    s8,,
0000000080005f8e,,a5:00000000800048a4,,341027f3,3,"csrrs   a5, mepc, zero",,
0000000080005f92,,a4:0000000000000002,,34202773,3,"csrrs   a4, mcause, zero",,
0000000080005f96,,a3:0000000000000000,,142026f3,3,"csrrs   a3, scause, zero",,
0000000080005f9a,,a2:0000000000000a00,,30402673,3,"csrrs   a2, mie, zero",,
0000000080005f9e,,a1:0000000000000080,,344025f3,3,"csrrs   a1, mip, zero",,
0000000080005fa2,,a1:00000000f11bfef3,,343025f3,3,"csrrs   a1, mtval, zero",,
0000000080005fa6,,a0:0000000000000000,,14302573,3,"csrrs   a0, stval, zero",,
0000000080005faa,,s1:0000000000000ea3,,b02024f3,3,"csrrs   s1, minstret, zero",,
0000000080005fc2,,a5:00000000800048a8,,00000791,3,"c.addi  a5, 4",,
00000000800048a8,,t3:fff80000800048a9,,00fa0e33,1,"add     t3, s4, a5",,
00000000800048ac,,s5:0000000000000000,,03f8da93,1,"srli    s5, a7, 63",,
00000000800048b4,,s7:0000000000000040,,0193db9b,1,"srliw   s7, t2, 25",,
00000000800048b8,,fs3:43dfffffffffffff,,d239f9d3,1,"fcvt.d.lu fs3, s3",,
00000000800048bc,,fs8:0000000000000000,,d2000c53,1,"fcvt.d.w fs8, zero",,
00000000800048c0,,ft2:ffffffff4f711bfe,,d025f153,1,"fcvt.s.l ft2, a1",,
00000000800048c4,,a4:0000000000000000,,a2210753,1,"fle.d   a4, ft2, ft2",,
00000000800048c8,,s11:0000000000000000,,410addbb,1,"sraw    s11, s5, a6",,
00000000800048cc,,t4:0000000000000000,,02bedebb,1,"divuw   t4, t4, a1",,
00000000800048d0,,t2:0000000000000000,,01d293bb,1,"sllw    t2, t0, t4",,
00000000800048d4,,sp:0000000000000001,,02b5c13b,1,"divw    sp, a1, a1",,
00000000800048d8,,t0:0000000000640000,,02c602b3,1,"mul     t0, a2, a2",,
00000000800048dc,,t4:0000000000000000,,01dedebb,1,"srlw    t4, t4, t4",,
00000000800048e0,,ft4:7ff8000000000000,,22c20253,1,"fsgnj.d ft4, ft4, fa2",,
00000000800048e4,,sp:ffffffffffffffff,,fffde113,1,"ori     sp, s11, -1",,
00000000800048e8,,ft3:7ff8000000000000,,7a61f1c7,1,"fmsub.d ft3, ft3, ft6, fa5",,
00000000800048ec,,a2:00000000000005c3,,5c3d861b,1,"addiw   a2, s11, 1475",,
00000000800048f0,,fs9:0000000000000000,,22bd0cd3,1,"fsgnj.d fs9, fs10, fa1",,
00000000800048f4,,fs3:0000000000000000,,239ca9d3,1,"fsgnjx.d fs3, fs9, fs9",,
00000000800048f8,,s1:ffffffffffffffff,,c03cf4d3,1,"fcvt.lu.s s1, fs9",,
00000000800048fc,,a0:0000000000000001,,4058d533,1,"sra     a0, a7, t0",,
0000000080004900,,sp:0000000000000361,,3618e113,1,"ori     sp, a7, 865",,
0000000080004904,,gp:7fffffffffffffff,,c02a71d3,1,"fcvt.l.s gp, fs4",,
0000000080004908,,t0:0000000003200000,,010292bb,1,"sllw    t0, t0, a6",,
000000008000490c,,s6:0000000001900000,,4012db1b,1,"sraiw   s6, t0, 1",,
0000000080004910,,t1:0000000000000000,,000c8333,1,"add     t1, s9, zero",,
0000000080004914,,fa5:7ff8000000000000,,13cf77d3,1,"fmul.d  fa5, ft10, ft8",,
0000000080004918,,s8:0000000000000001,,0118ec33,1,"or      s8, a7, a7",,
000000008000491c,,fa1:7ff8000000000000,,5ab2f5c7,1,"fmsub.d fa1, ft5, fa1, fa1",,
0000000080004920,,ft1:7ff8000000000000,,cbe0f0c7,1,"fmsub.d ft1, ft1, ft10, fs9",,
0000000080004924,,fs5:7ff8000000000000,,1a9dfad3,1,"fdiv.d  fs5, fs11, fs1",,
0000000080004928,,s7:ffffffffffffffff,,c03dfbd3,1,"fcvt.lu.s s7, fs11",,
000000008000492c,,ft0:7ff8000000000000,,1222f053,1,"fmul.d  ft0, ft5, ft2",,
0000000080004930,,ft4:7ff8000000000000,,2a440253,1,"fmin.d  ft4, fs0, ft4",,
0000000080004934,,s6:7fffffffffffffff,,003b6b33,1,"or      s6, s6, gp",,
0000000080004938,,s3:0000000000000000,,0360c9b3,1,"div     s3, ra, s6",,
000000008000493c,,t1:7ff8000000000000,,e2058353,1,"fmv.x.d t1, fa1",,
0000000080004940,,fa4:41e0000802800000,,d230f753,1,"fcvt.d.lu fa4, ra",,
0000000080004944,,fa1:7ff8000000000000,,420685d3,1,"fcvt.d.s fa1, fa3",,
0000000080004948,,s7:000000003ffc2007,,0260abb3,1,"mulhsu  s7, ra, t1",,
000000008000494c,,a7:ffffffffbffbdff3,,401b88b3,1,"sub     a7, s7, ra",,
0000000080004950,,a6:fffffffffffffa3d,,40ca883b,1,"subw    a6, s5, a2",,
0000000080004954,,gp:00000000000007ff,,7ff70193,1,"addi    gp, a4, 2047",,
0000000080004958,,s10:0000000000000001,,0141fd33,1,"and     s10, gp, s4",,
000000008000495c,,s5:0000000000000000,,02aaeabb,1,"remw    s5, s5, a0",,
0000000080004960,,ra:7fffffffffffffff,,c021f0d3,1,"fcvt.l.s ra, ft3",,
0000000080004964,,t0:0000000000000000,,40c6d2bb,1,"sraw    t0, a3, a2",,
0000000080004968,,fa1:7ff8000000000000,,4bcc75c3,1,"fmadd.d fa1, fs8, ft8, fs1",,
000000008000496c,,s9:00000000000005c3,,01b60cbb,1,"addw    s9, a2, s11",,
0000000080004970,,t4:0000000000000000,,404ede9b,1,"sraiw   t4, t4, 4",,
0000000080004974,,s3:0000000000000000,,c229f9d3,1,"fcvt.l.d s3, fs3",,
0000000080004978,,t2:fffffffffffffc9f,,402383b3,1,"sub     t2, t2, sp",,
000000008000497c,,fa2:43e0000000000000,,d2347653,1,"fcvt.d.lu fa2, s0",,
0000000080004980,,a6:0000000000000001,,00202873,1,"csrrs   a6, frm, zero",,
0000000080004984,,a0:fff8000000000001,,027a7533,1,"remu    a0, s4, t2",,
0000000080004988,,s5:0000000000000108,,da710a9b,1,"addiw   s5, sp, -601",,
000000008000498c,,t1:0000000021001080,,024a833b,1,"mulw    t1, s5, tp",,
0000000080004990,,a4:ffffffffdeffef80,,406e873b,1,"subw    a4, t4, t1",,
0000000080004994,,ft10:7ff8000000000000,,5a087f53,1,"fsqrt.d ft10, fa6",,
0000000080004998,,ra:0000000001ffffff,,0170d0bb,1,"srlw    ra, ra, s7",,
000000008000499c,,ft2:7ff8000000000000,,2a251153,1,"fmax.d  ft2, fa0, ft2",,
00000000800049a0,,s11:ffffffffbffbdff3,,01a8edb3,1,"or      s11, a7, s10",,
00000000800049a4,,ft1:ffffffffce800840,,d02df0d3,1,"fcvt.s.l ft1, s11",,
00000000800049a8,,s9:7fffffffffffffff,,c2267cd3,1,"fcvt.l.d s9, fa2",,
00000000800049ac,,t3:00000000800048a7,,00978e33,1,"add     t3, a5, s1",,
00000000800049b0,,sp:0000000000000001,,00202173,1,"csrrs   sp, frm, zero",,
00000000800049b4,,ft0:7ff8000000000000,,bb3b7043,1,"fmadd.d ft0, fs6, fs3, fs7",,
00000000800049b8,,tp:0000000000000000,,41d0521b,1,"sraiw   tp, zero, 29",,
00000000800049bc,,sp:fffffffffdeff980,,0178913b,1,"sllw    sp, a7, s7",,
00000000800049c0,,s6:0000000040002453,,00ae5b3b,1,"srlw    s6, t3, a0",,
00000000800049c4,,a2:000000004000255b,,015b6633,1,"or      a2, s6, s5",,
00000000800049c8,,fs2:7ff8000000000000,,1b307953,1,"fdiv.d  fs2, ft0, fs3",,
00000000800049cc,,s0:00000000520699cc,,d2065417,1,"auipc   s0, 0xd2065",,
00000000800049d4,,s2:0000000000000000,,419bd933,1,"sra     s2, s7, s9",,
00000000800049d8,,s0:0000000040002454,,4017d413,1,"srai    s0, a5, 1",,
00000000800049dc,,ft1:7ff8000000000000,,2304a0d3,1,"fsgnjx.d ft1, fs1, fa6",,
00000000800049e0,,s5:fffffffffffff800,,80098a93,1,"addi    s5, s3, -2048",,
00000000800049e4,,ra:fffffffffffff896,,096a809b,1,"addiw   ra, s5, 150",,
00000000800049e8,,s3:ffffffffeb5fb000,,eb5fb9b7,1,"lui     s3, 0xeb5fb",,
00000000800049ec,,s1:00000000000007ff,,4001d49b,1,"sraiw   s1, gp, 0",,
00000000800049f0,,s8:0000000000000000,,40985c3b,1,"sraw    s8, a6, s1",,
00000000800049f4,,a3:ffffffffffffffff,,032e56bb,1,"divuw   a3, t3, s2",,
00000000800049f8,,s1:0000000000000000,,403484bb,1,"subw    s1, s1, gp",,
00000000800049fc,,s8:0000000000000000,,03f31c13,1,"slli    s8, t1, 63",,
0000000080004a00,,fa0:7ff8000000000000,,223f0553,1,"fsgnj.d fa0, ft10, ft3",,
0000000080004a08,,fs5:7ff8000000000000,,130afad3,1,"fmul.d  fs5, fs5, fa6",,
0000000080004a0c,,s10:0000000000000002,,01ad1d33,1,"sll     s10, s10, s10",,
0000000080004a10,,s8:0000000000000000,,02ea4c3b,1,"divw    s8, s4, a4",,
0000000080004a14,,fs7:7ff8000000000000,,13007bd3,1,"fmul.d  fs7, ft0, fa6",,
0000000080004a18,,fa5:7ff8000000000000,,2b7b97d3,1,"fmax.d  fa5, fs7, fs7",,
0000000080004a1c,,t0:000000000001ffc0,,0061929b,1,"slliw   t0, gp, 6",,
0000000080004a20,,a1:7fffffffffffffff,,004c85b3,1,"add     a1, s9, tp",,
0000000080004a24,,ra:8000000000000769,,0015c0b3,1,"xor     ra, a1, ra",,
0000000080004a28,,t0:ffffffffff299000,,ff2992b7,1,"lui     t0, 0xff299",,
0000000080004a2c,,t0:ffffffffff299647,,6472829b,1,"addiw   t0, t0, 1607",,
0000000080004a30,,t0:ffffffca6591c000,,000002ba,1,"c.slli  t0, 14",,
0000000080004a32,,t0:ffffffca6591c1c0,,1c028293,1,"addi    t0, t0, 448",,
0000000080004008,,s8:0000000080006008,,00002c17,3,"auipc   s8, 0x2",,
000000008000400c,,s8:0000000080005f8e,,f86c0c13,3,"addi    s8, s8, -122",,
0000000080004010,,ra:0000000080004014,,000c00e7,3,jalr    s8,,
0000000080005f8e,,a5:0000000080004a36,,341027f3,3,"csrrs   a5, mepc, zero",,
0000000080005f92,,a4:0000000000000002,,34202773,3,"csrrs   a4, mcause, zero",,
0000000080005f96,,a3:0000000000000000,,142026f3,3,"csrrs   a3, scause, zero",,
0000000080005f9a,,a2:0000000000000a00,,30402673,3,"csrrs   a2, mie, zero",,
0000000080005f9e,,a1:0000000000000080,,344025f3,3,"csrrs   a1, mip, zero",,
0000000080005fa2,,a1:0000000034329273,,343025f3,3,"csrrs   a1, mtval, zero",,
0000000080005fa6,,a0:0000000000000000,,14302573,3,"csrrs   a0, stval, zero",,
0000000080005faa,,s1:0000000000000f17,,b02024f3,3,"csrrs   s1, minstret, zero",,
0000000080005fc2,,a5:0000000080004a3a,,00000791,3,"c.addi  a5, 4",,
0000000080004a3a,,a0:fffffffffffffc9f,,02a3e533,1,"rem     a0, t2, a0",,
0000000080004a42,,s3:ffffffffeb5fb000,,00002981,1,"c.addiw s3, 0",,
0000000080004a44,,s4:fffffffffffffb60,,7ff54a13,1,"xori    s4, a0, 2047",,
0000000080004a48,,a4:0000000000000000,,00057733,1,"and     a4, a0, zero",,
0000000080004a4c,,t1:0000000000000000,,4031833b,1,"subw    t1, gp, gp",,
0000000080004a50,,t4:0000000000000000,,01d76eb3,1,"or      t4, a4, t4",,
0000000080004a54,,a4:0007fffffe532c8e,,00d2d713,1,"srli    a4, t0, 13",,
0000000080004a58,,s6:ffffffffbffbdc92,,01138b33,1,"add     s6, t2, a7",,
0000000080004a5c,,fs4:7ff8000000000000,,42078a53,1,"fcvt.d.s fs4, fa5",,
0000000080004a60,,s10:ffffffffbffbd492,,016a8d33,1,"add     s10, s5, s6",,
0000000080004a64,,a0:0000000000000000,,0301b533,1,"mulhu   a0, gp, a6",,
0000000080004a68,,s9:000000007fffffff,,c205fcd3,1,"fcvt.w.d s9, fa1",,
0000000080004a6c,,fs11:ffffffff7fc00000,,4011fdd3,1,"fcvt.s.d fs11, ft3",,
0000000080004a70,,s10:000000000a526000,,033d0d3b,1,"mulw    s10, s10, s3",,
0000000080004a74,,a5:0000000000000000,,a23f87d3,1,"fle.d   a5, ft11, ft3",,
0000000080004a78,,s6:0000000000000000,,00835b13,1,"srli    s6, t1, 8",,
0000000080004a7c,,s4:0000000000000000,,40e4da33,1,"sra     s4, s1, a4",,
0000000080004a84,,ft4:7ff8000000000000,,5b4a724f,1,"fnmadd.d ft4, fs4, fs4, fa1",,
0000000080004a8c,,fs9:ffffffff45717000,,d034fcd3,1,"fcvt.s.lu fs9, s1",,
0000000080004a90,,s10:ffffffffffffffff,,c03a7d53,1,"fcvt.lu.s s10, fs4",,
0000000080004a94,,ft1:fff8000000000000,,236810d3,1,"fsgnjn.d ft1, fa6, fs6",,
0000000080004a98,,s3:000000000172e000,,0172e9b7,1,"lui     s3, 0x172e",,
0000000080004a9c,,s3:000000000172e7a7,,7a79899b,1,"addiw   s3, s3, 1959",,
0000000080004aa0,,s3:0000005cb9e9c000,,000009ba,1,"c.slli  s3, 14",,
0000000080004aa2,,s3:0000005cb9e9be85,,e8598993,1,"addi    s3, s3, -379",,
0000000080004aa6,,gp:000003ff7ffff801,,023c81b3,1,"mul     gp, s9, gp",,
0000000080004aaa,,tp:0000000000000001,,0337523b,1,"divuw   tp, a4, s3",,
0000000080004aae,,ra:0000000000000001,,02f260b3,1,"rem     ra, tp, a5",,
0000000080004ab2,,fa3:ffffffff7fc00000,,401af6d3,1,"fcvt.s.d fa3, fs5",,
0000000080004ab6,,s1:0000000000000000,,0231f4b3,1,"remu    s1, gp, gp",,
0000000080004aba,,a6:000000000210067f,,fff14813,1,"not     a6, sp",,
0000000080004abe,,s0:00000000800048a7,,002e5433,1,"srl     s0, t3, sp",,
0000000080004ac2,,fs1:ffffffff4f000040,,401774d3,1,"fcvt.s.d fs1, fa4",,
0000000080004ac6,,fa5:7ff8000000000000,,2af017d3,1,"fmax.d  fa5, ft0, fa5",,
0000000080004ace,,t4:0000000034329273,,00009eae,1,"c.add   t4, a1",,
0000000080004ad0,,fa4:0000000000000000,,d20b0753,1,"fcvt.d.w fa4, s6",,
0000000080004ad4,,fs2:c180803400000000,,d2010953,1,"fcvt.d.w fs2, sp",,
0000000080004ad8,,fs3:ffffffff4e7ff080,,d03bf9d3,1,"fcvt.s.lu fs3, s7",,
0000000080004adc,,ft7:7ff8000000000000,,1be8f3d3,1,"fdiv.d  ft7, fa7, ft10",,
0000000080004ae0,,s10:000000006591c1c0,,01228d3b,1,"addw    s10, t0, s2",,
0000000080004ae4,,a6:0000000000000000,,022d5833,1,"divu    a6, s10, sp",,
0000000080004ae8,,fa3:43e0000000000000,,22c626d3,1,"fsgnjx.d fa3, fa2, fa2",,
0000000080004aec,,s9:000003ff000007fe,,0191ccb3,1,"xor     s9, gp, s9",,
0000000080004af0,,sp:000003ff7ffff801,,0301e133,1,"rem     sp, gp, a6",,
0000000080004af4,,t2:0000000000000001,,0231c3b3,1,"div     t2, gp, gp",,
0000000080004af8,,s7:0000000000000000,,41fbdb9b,1,"sraiw   s7, s7, 31",,
0000000080004afc,,t1:ffffffffffffffff,,c21df353,1,"fcvt.wu.d t1, fs11",,
0000000080004008,,s8:0000000080006008,,00002c17,3,"auipc   s8, 0x2",,
000000008000400c,,s8:0000000080005f8e,,f86c0c13,3,"addi    s8, s8, -122",,
0000000080004010,,ra:0000000080004014,,000c00e7,3,jalr    s8,,
0000000080005f8e,,a5:0000000080004b00,,341027f3,3,"csrrs   a5, mepc, zero",,
0000000080005f92,,a4:0000000000000002,,34202773,3,"csrrs   a4, mcause, zero",,
0000000080005f96,,a3:0000000000000000,,142026f3,3,"csrrs   a3, scause, zero",,
0000000080005f9a,,a2:0000000000000a00,,30402673,3,"csrrs   a2, mie, zero",,
0000000080005f9e,,a1:0000000000000080,,344025f3,3,"csrrs   a1, mip, zero",,
0000000080005fa2,,a1:00000000c02324f3,,343025f3,3,"csrrs   a1, mtval, zero",,
0000000080005fa6,,a0:0000000000000000,,14302573,3,"csrrs   a0, stval, zero",,
0000000080005faa,,s1:0000000000000f5a,,b02024f3,3,"csrrs   s1, minstret, zero",,
0000000080005fc2,,a5:0000000080004b04,,00000791,3,"c.addi  a5, 4",,
0000000080004b04,,ft11:ffffffff4575a000,,d024ffd3,1,"fcvt.s.l ft11, s1",,
0000000080004b0c,,a6:ffffffff8000428d,,2790881b,1,"addiw   a6, ra, 633",,
0000000080004b10,,a2:0000000014000000,,00000646,1,"c.slli  a2, 17",,
0000000080004b12,,a4:ffffffffffffffff,,c2337753,1,"fcvt.lu.d a4, ft6",,
0000000080004b16,,t2:0000005cb9e9be85,,013263b3,1,"or      t2, tp, s3",,
0000000080004b1e,,fa2:41efffff00000000,,d21a8653,1,"fcvt.d.wu fa2, s5",,
0000000080004b22,,a0:ffffffffffffffff,,c03b7553,1,"fcvt.lu.s a0, fs6",,
0000000080004b26,,s8:000000001690c000,,1690cc37,1,"lui     s8, 0x1690c",,
0000000080004008,,s8:0000000080006008,,00002c17,3,"auipc   s8, 0x2",,
000000008000400c,,s8:0000000080005f8e,,f86c0c13,3,"addi    s8, s8, -122",,
0000000080004010,,ra:0000000080004014,,000c00e7,3,jalr    s8,,
0000000080005f8e,,a5:0000000080004b2a,,341027f3,3,"csrrs   a5, mepc, zero",,
0000000080005f92,,a4:0000000000000002,,34202773,3,"csrrs   a4, mcause, zero",,
0000000080005f96,,a3:0000000000000000,,142026f3,3,"csrrs   a3, scause, zero",,
0000000080005f9a,,a2:0000000000000a00,,30402673,3,"csrrs   a2, mie, zero",,
0000000080005f9e,,a1:0000000000000080,,344025f3,3,"csrrs   a1, mip, zero",,
0000000080005fa2,,a1:0000000032059b73,,343025f3,3,"csrrs   a1, mtval, zero",,
0000000080005fa6,,a0:0000000000000000,,14302573,3,"csrrs   a0, stval, zero",,
0000000080005faa,,s1:0000000000000f74,,b02024f3,3,"csrrs   s1, minstret, zero",,
0000000080005fc2,,a5:0000000080004b2e,,00000791,3,"c.addi  a5, 4",,
0000000080004b2e,,fa5:41efffff00000000,,2b9617d3,1,"fmax.d  fa5, fa2, fs9",,
0000000080004b32,,tp:0f81de0660fc47f3,,03b18233,1,"mul     tp, gp, s11",,
0000000080004b36,,fa4:8000000000000000,,22970753,1,"fsgnj.d fa4, fa4, fs1",,
0000000080004b3a,,sp:0000000000000000,,00de2133,1,"slt     sp, t3, a3",,
0000000080004b3e,,ft6:7ff8000000000000,,a3bdf34b,1,"fnmsub.d ft6, fs11, fs11, fs4",,
0000000080004b42,,a0:0000000000000000,,00a91533,1,"sll     a0, s2, a0",,
0000000080004b46,,a1:0000000002c2c4cf,,033dd5b3,1,"divu    a1, s11, s3",,
0000000080004b4a,,ft10:7ff8000000000000,,03aaff53,1,"fadd.d  ft10, fs5, fs10",,
0000000080004b4e,,a4:7ff8000000000000,,e2080753,1,"fmv.x.d a4, fa6",,
0000000080004b52,,s11:0000000000000000,,01795dbb,1,"srlw    s11, s2, s7",,
0000000080004b56,,t2:0000000000000000,,fff97393,1,"andi    t2, s2, -1",,
0000000080004b5a,,ft5:7ff8000000000000,,2b0d72cf,1,"fnmadd.d ft5, fs10, fa6, ft5",,
0000000080004b5e,,a1:0000000003e1d000,,03e1d5b7,1,"lui     a1, 0x3e1d",,
0000000080004b62,,a1:0000000003e1d413,,4135859b,1,"addiw   a1, a1, 1043",,
0000000080004b66,,a1:0000007c3a826000,,000005b6,1,"c.slli  a1, 13",,
0000000080004b68,,a1:0000007c3a826135,,13558593,1,"addi    a1, a1, 309",,
0000000080004b6c,,s3:0000000000000a00,,007609b3,1,"add     s3, a2, t2",,
0000000080004b70,,ft2:7ff8000000000000,,42f6f14f,1,"fnmadd.d ft2, fa3, fa5, fs0",,
0000000080004b74,,a0:ffffffffffffffff,,c2117553,1,"fcvt.wu.d a0, ft2",,
0000000080004b78,,t3:0000000000000001,,0339de3b,1,"divuw   t3, s3, s3",,
0000000080004b7c,,a1:ffffffffffffffff,,c21475d3,1,"fcvt.wu.d a1, fs0",,
0000000080004b84,,ft1:ffffffff7fc00000,,401ff0d3,1,"fcvt.s.d ft1, ft11",,
0000000080004008,,s8:0000000080006008,,00002c17,3,"auipc   s8, 0x2",,
000000008000400c,,s8:0000000080005f8e,,f86c0c13,3,"addi    s8, s8, -122",,
0000000080004010,,ra:0000000080004014,,000c00e7,3,jalr    s8,,
0000000080005f8e,,a5:0000000080004b88,,341027f3,3,"csrrs   a5, mepc, zero",,
0000000080005f92,,a4:0000000000000002,,34202773,3,"csrrs   a4, mcause, zero",,
0000000080005f96,,a3:0000000000000000,,142026f3,3,"csrrs   a3, scause, zero",,
0000000080005f9a,,a2:0000000000000a00,,30402673,3,"csrrs   a2, mie, zero",,
0000000080005f9e,,a1:0000000000000080,,344025f3,3,"csrrs   a1, mip, zero",,
0000000080005fa2,,a1:00000000c05138f3,,343025f3,3,"csrrs   a1, mtval, zero",,
0000000080005fa6,,a0:0000000000000000,,14302573,3,"csrrs   a0, stval, zero",,
0000000080005faa,,s1:0000000000000f9b,,b02024f3,3,"csrrs   s1, minstret, zero",,
0000000080005fc2,,a5:0000000080004b8c,,00000791,3,"c.addi  a5, 4",,
0000000080004b8c,,s9:ffffffffffffffff,,03564cbb,1,"divw    s9, a2, s5",,
0000000080004b90,,s4:7fffffffffffffff,,c22f7a53,1,"fcvt.l.d s4, ft10",,
0000000080004b98,,ft6:41e0000971800000,,d237f353,1,"fcvt.d.lu ft6, a5",,
0000000080004b9c,,t3:0000000000000000,,1a79fe13,1,"andi    t3, s3, 423",,
0000000080004ba0,,a4:0000000000000002,,01c71733,1,"sll     a4, a4, t3",,
0000000080004ba4,,s1:0000000000000000,,40675493,1,"srai    s1, a4, 6",,
0000000080004ba8,,fa7:7ff8000000000000,,8a4478c7,1,"fmsub.d fa7, fs0, ft4, fa7",,
0000000080004bac,,s5:0000000000000000,,000e7ab3,1,"and     s5, t3, zero",,
0000000080004bb0,,a4:0000000000000000,,4031873b,1,"subw    a4, gp, gp",,
0000000080004bb4,,ft10:ffffffff00000000,,d0377f53,1,"fcvt.s.lu ft10, a4",,
0000000080004bb8,,t4:ffffffff8000428d,,01c85ebb,1,"srlw    t4, a6, t3",,
0000000080004bbc,,fs9:7ff8000000000000,,2be80cd3,1,"fmin.d  fs9, fa6, ft10",,
0000000080004bc0,,fa3:7ff8000000000000,,cb8176c3,1,"fmadd.d fa3, ft2, fs8, fs9",,
0000000080004bc4,,tp:0000000000000000,,00adc233,1,"xor     tp, s11, a0",,
0000000080004bc8,,ft10:7ff8000000000000,,bbee7f47,1,"fmsub.d ft10, ft8, ft10, fs7",,
0000000080004bcc,,a0:ffffffff80005f8e,,40ac053b,1,"subw    a0, s8, a0",,
0000000080004bd0,,a6:ffffffff80005f8e,,01b56833,1,"or      a6, a0, s11",,
0000000080004bd4,,t1:0000000000000000,,03ba2333,1,"mulhsu  t1, s4, s11",,
0000000080004bd8,,s7:0000000000000000,,026a3bb3,1,"mulhu   s7, s4, t1",,
0000000080004bdc,,gp:000003ffbfaec0f2,,0035c1b3,1,"xor     gp, a1, gp",,
0000000080004be0,,gp:000003ffbfaec0f2,,00019193,1,"slli    gp, gp, 0",,
0000000080004be4,,s3:0000000000000000,,018e199b,1,"slliw   s3, t3, 24",,
0000000080004008,,s8:0000000080006008,,00002c17,3,"auipc   s8, 0x2",,
000000008000400c,,s8:0000000080005f8e,,f86c0c13,3,"addi    s8, s8, -122",,
0000000080004010,,ra:0000000080004014,,000c00e7,3,jalr    s8,,
0000000080005f8e,,a5:0000000080004be8,,341027f3,3,"csrrs   a5, mepc, zero",,
0000000080005f92,,a4:0000000000000002,,34202773,3,"csrrs   a4, mcause, zero",,
0000000080005f96,,a3:0000000000000000,,142026f3,3,"csrrs   a3, scause, zero",,
0000000080005f9a,,a2:0000000000000a00,,30402673,3,"csrrs   a2, mie, zero",,
0000000080005f9e,,a1:0000000000000080,,344025f3,3,"csrrs   a1, mip, zero",,
0000000080005fa2,,a1:00000000f13897f3,,343025f3,3,"csrrs   a1, mtval, zero",,
0000000080005fa6,,a0:0000000000000000,,14302573,3,"csrrs   a0, stval, zero",,
0000000080005faa,,s1:0000000000000fc3,,b02024f3,3,"csrrs   s1, minstret, zero",,
0000000080005fc2,,a5:0000000080004bec,,00000791,3,"c.addi  a5, 4",,
0000000080004bec,,s7:0000000000000002,,01c70bbb,1,"addw    s7, a4, t3",,
0000000080004bf0,,t0:ffffffffffffffff,,40f2d2b3,1,"sra     t0, t0, a5",,
0000000080004bf4,,s5:0000000000000004,,001b9a93,1,"slli    s5, s7, 1",,
0000000080004bf8,,a4:0000000000000000,,03ce7733,1,"remu    a4, t3, t3",,
0000000080004bfc,,ra:0000000000000000,,01499093,1,"slli    ra, s3, 20",,
0000000080004c00,,ft1:7ff8000000000000,,2b1f10d3,1,"fmax.d  ft1, ft10, fa7",,
0000000080004c04,,s4:0000000000000000,,41fd5a1b,1,"sraiw   s4, s10, 31",,
0000000080004c08,,s5:0000000000000002,,414b8abb,1,"subw    s5, s7, s4",,
0000000080004c0c,,fa4:7ff8000000000000,,2b3f1753,1,"fmax.d  fa4, ft10, fs3",,
0000000080004c10,,a3:0000000000000000,,0005169b,1,"slliw   a3, a0, 0",,
0000000080004c14,,fs0:7ff8000000000000,,4a84f44f,1,"fnmadd.d fs0, fs1, fs0, fs1",,
0000000080004c18,,t0:0000000000000001,,405682bb,1,"subw    t0, a3, t0",,
0000000080004c1c,,s1:0000000000000002,,017304bb,1,"addw    s1, t1, s7",,
0000000080004c20,,s7:0000000000000000,,41a25bb3,1,"sra     s7, tp, s10",,
0000000080004c24,,ft11:7ff8000000000000,,5a047fd3,1,"fsqrt.d ft11, fs0",,
0000000080004c28,,s2:0000000000000000,,03a0793b,1,"remuw   s2, zero, s10",,
0000000080004c2c,,ft2:fff8000000000000,,22942153,1,"fsgnjx.d ft2, fs0, fs1",,
0000000080004c30,,s4:0000000000000000,,43f2da13,1,"srai    s4, t0, 63",,
0000000080004c34,,fa0:7ff8000000000000,,420d0553,1,"fcvt.d.s fa0, fs10",,
0000000080004c3c,,a4:0000000000000000,,41b7073b,1,"subw    a4, a4, s11",,
0000000080004c40,,s5:fffffffff13897f3,,0125dabb,1,"srlw    s5, a1, s2",,
0000000080004c44,,a4:ffffffffffffffff,,c033f753,1,"fcvt.lu.s a4, ft7",,
0000000080004c48,,ft5:bff0000000000000,,d22772d3,1,"fcvt.d.l ft5, a4",,
0000000080004c4c,,s3:ffffffffffffffff,,40e759bb,1,"sraw    s3, a4, a4",,
0000000080004c50,,a7:0000000000000000,,a2ef08d3,1,"fle.d   a7, ft10, fa4",,
0000000080004c54,,a7:0000000000000011,,001898f3,1,"csrrw   a7, fflags, a7",,
0000000080004c58,,s3:7fffffffffffffff,,c02879d3,1,"fcvt.l.s s3, fa6",,
0000000080004c60,,t4:0000000000000000,,03d07ebb,1,"remuw   t4, zero, t4",,
0000000080004c64,,s6:0000000000000001,,002b9b73,1,"csrrw   s6, frm, s7",,
0000000080004c68,,s9:0000000000000000,,0240acb3,1,"mulhsu  s9, ra, tp",,
0000000080004c6c,,s0:ffffffff0ec76a36,,dc55c413,1,"xori    s0, a1, -571",,
0000000080004c74,,s2:ffffffffffffffff,,422ad913,1,"srai    s2, s5, 34",,
0000000080004c78,,a3:0000000000000001,,f5b03693,1,"sltiu   a3, zero, -165",,
0000000080004c7c,,a6:0000000000000000,,014ed813,1,"srli    a6, t4, 20",,
0000000080004c80,,fa1:7ff8000000000000,,22ba85d3,1,"fsgnj.d fa1, fs5, fa1",,
0000000080004c84,,sp:000000000ec76a37,,40e4013b,1,"subw    sp, s0, a4",,
0000000080004c88,,s1:0000000000000002,,0004c493,1,"xori    s1, s1, 0",,
0000000080004c8c,,t3:0000000000000000,,a2a50e53,1,"fle.d   t3, fa0, fa0",,
0000000080004c90,,a6:0000000000000000,,0000985e,1,"c.add   a6, s7",,
0000000080004c92,,t2:0000000000000000,,4018539b,1,"sraiw   t2, a6, 1",,
0000000080004c96,,t2:0000000000000000,,db43f393,1,"andi    t2, t2, -588",,
0000000080004c9a,,t1:0000000000000000,,00a3931b,1,"slliw   t1, t2, 10",,
0000000080004008,,s8:0000000080006008,,00002c17,3,"auipc   s8, 0x2",,
000000008000400c,,s8:0000000080005f8e,,f86c0c13,3,"addi    s8, s8, -122",,
0000000080004010,,ra:0000000080004014,,000c00e7,3,jalr    s8,,
0000000080005f8e,,a5:0000000080004c9e,,341027f3,3,"csrrs   a5, mepc, zero",,
0000000080005f92,,a4:0000000000000002,,34202773,3,"csrrs   a4, mcause, zero",,
0000000080005f96,,a3:0000000000000000,,142026f3,3,"csrrs   a3, scause, zero",,
0000000080005f9a,,a2:0000000000000a00,,30402673,3,"csrrs   a2, mie, zero",,
0000000080005f9e,,a1:0000000000000080,,344025f3,3,"csrrs   a1, mip, zero",,
0000000080005fa2,,a1:0000000031005673,,343025f3,3,"csrrs   a1, mtval, zero",,
0000000080005fa6,,a0:0000000000000000,,14302573,3,"csrrs   a0, stval, zero",,
0000000080005faa,,s1:0000000000001000,,b02024f3,3,"csrrs   s1, minstret, zero",,
0000000080005fc2,,a5:0000000080004ca2,,00000791,3,"c.addi  a5, 4",,
0000000080004ca2,,ft8:7ff8000000000000,,5a057e53,1,"fsqrt.d ft8, fa0",,
0000000080004ca6,,fs6:7ff8000000000000,,42060b53,1,"fcvt.d.s fs6, fa2",,
0000000080004caa,,t2:0000000000000010,,001023f3,1,"csrrs   t2, fflags, zero",,
0000000080004cae,,s6:0000000000000010,,4003db13,1,"srai    s6, t2, 0",,
0000000080004cb2,,fa2:ffffffff00000000,,d03bf653,1,"fcvt.s.lu fa2, s7",,
0000000080004cb6,,s10:ffffffffb51b0000,,00f41d1b,1,"slliw   s10, s0, 15",,
0000000080004cba,,t0:0000000000000000,,002292f3,1,"csrrw   t0, frm, t0",,
0000000080004cbe,,tp:ffffffffd934b000,,d934b237,1,"lui     tp, 0xd934b",,
0000000080004cc2,,fs7:fffffffff13897f3,,f20a8bd3,1,"fmv.d.x fs7, s5",,
0000000080004cc6,,fs4:7ff8000000000000,,2b719a53,1,"fmax.d  fs4, ft3, fs7",,
0000000080004cca,,a5:0000000080004ca2,,0197e7b3,1,"or      a5, a5, s9",,
0000000080004cce,,t2:ffffffffd934b001,,0012039b,1,"addiw   t2, tp, 1",,
0000000080004cd2,,fa2:7ff8000000000000,,dac47647,1,"fmsub.d fa2, fs0, fa2, fs11",,
0000000080004cd6,,s7:fffffffffcf29000,,fcf29bb7,1,"lui     s7, 0xfcf29",,
0000000080004cda,,s7:fffffffffcf28dff,,dffb8b9b,1,"addiw   s7, s7, -513",,
0000000080004cde,,s7:ffffffcf28dff000,,00000bb2,1,"c.slli  s7, 12",,
0000000080004ce0,,s7:ffffffcf28dfea65,,a65b8b93,1,"addi    s7, s7, -1435",,
0000000080004ce4,,sp:fffffffff13895c9,,402e8133,1,"sub     sp, t4, sp",,
0000000080004ce8,,s9:0000000000000000,,001cdc9b,1,"srliw   s9, s9, 1",,
0000000080004cec,,t3:fffffffff93cb5c9,,0023ee33,1,"or      t3, t2, sp",,
0000000080004cf0,,ft2:7ff8000000000000,,5a0e7153,1,"fsqrt.d ft2, ft8",,
0000000080004cf4,,s8:00000000793d026b,,01c78c3b,1,"addw    s8, a5, t3",,
0000000080004cf8,,fs10:0000000000000000,,d2050d53,1,"fcvt.d.w fs10, a0",,
0000000080004cfc,,s9:00000000000009ff,,fff60c9b,1,"addiw   s9, a2, -1",,
0000000080004d00,,a7:0000000000000001,,002898f3,1,"csrrw   a7, frm, a7",,
0000000080004d04,,ra:0000000000000001,,0008d09b,1,"srliw   ra, a7, 0",,
0000000080004d08,,fa4:0000000000000001,,f2008753,1,"fmv.d.x fa4, ra",,
0000000080004d0c,,t3:fffffffff13897f3,,400ade1b,1,"sraiw   t3, s5, 0",,
0000000080004d12,,s4:ffffffffffffffff,,034eca33,1,"div     s4, t4, s4",,
0000000080004d16,,s7:0000000000000010,,400b0bb3,1,"sub     s7, s6, zero",,
0000000080004d1a,,s7:0000000000000010,,01768bbb,1,"addw    s7, a3, s7",,
0000000080004d1e,,s11:fffffffffffc0000,,012a1d9b,1,"slliw   s11, s4, 18",,
0000000080004d22,,s6:000000000000075b,,75a08b13,1,"addi    s6, ra, 1882",,
0000000080004d26,,t1:0000000000000000,,00c3133b,1,"sllw    t1, t1, a2",,
0000000080004d2e,,a3:000000000000002f,,01a1d69b,1,"srliw   a3, gp, 26",,
0000000080004d32,,t1:0000000000000010,,000b8333,1,"add     t1, s7, zero",,
0000000080004d36,,sp:0000000000000000,,00001133,1,"sll     sp, zero, zero",,
0000000080004d3a,,a4:fffffffff13897f3,,400e571b,1,"sraiw   a4, t3, 0",,
0000000080004d3e,,a7:ffffffffffffffff,,03d0c8bb,1,"divw    a7, ra, t4",,
0000000080004d42,,t1:ffffffffffffffff,,c23df353,1,"fcvt.lu.d t1, fs11",,
0000000080004d46,,fs1:40a4000000000000,,d22674d3,1,"fcvt.d.l fs1, a2",,
0000000080004d4a,,s0:0000000000000010,,00102473,1,"csrrs   s0, fflags, zero",,
0000000080004d4e,,tp:ffffffffd934ab8f,,b8f20213,1,"addi    tp, tp, -1137",,
0000000080004d52,,fs10:ffffffff5f7fffff,,d0397d53,1,"fcvt.s.lu fs10, s2",,
0000000080004d56,,fs9:40a4000000000000,,d2060cd3,1,"fcvt.d.w fs9, a2",,
0000000080004d5a,,a4:0000000000000000,,413cd71b,1,"sraiw   a4, s9, 19",,
0000000080004d5e,,s11:ffffe00000000000,,00000dee,1,"c.slli  s11, 27",,
0000000080004d60,,t3:ffffffffffffffff,,03d0de33,1,"divu    t3, ra, t4",,
0000000080004d64,,s9:0000000000000000,,03d07cbb,1,"remuw   s9, zero, t4",,
0000000080004d68,,ft4:7ff8000000000000,,024b7253,1,"fadd.d  ft4, fs6, ft4",,
0000000080004d6c,,a1:0000000000000000,,0240a5b3,1,"mulhsu  a1, ra, tp",,
0000000080004d74,,s8:fffffffffffffbe0,,41fa4c13,1,"xori    s8, s4, 1055",,
0000000080004d78,,s4:fffffffffffffff0,,40870a3b,1,"subw    s4, a4, s0",,
0000000080004d7c,,ft1:7ff8000000000000,,22b000d3,1,"fsgnj.d ft1, ft0, fa1",,
0000000080004d80,,a2:0000000000000000,,016b4633,1,"xor     a2, s6, s6",,
0000000080004d84,,s3:ffffffffd1309001,,0153f9b3,1,"and     s3, t2, s5",,
0000000080004d88,,a4:0000000000000000,,03574733,1,"div     a4, a4, s5",,
0000000080004d90,,t1:0000000000001000,,0204f333,1,"remu    t1, s1, zero",,
0000000080004d94,,s7:00000000789c4bf9,,001adb9b,1,"srliw   s7, s5, 1",,
0000000080004d98,,t3:0000000000000001,,00202e73,1,"csrrs   t3, frm, zero",,
0000000080004d9c,,ft9:bff0000000000000,,2222aed3,1,"fsgnjx.d ft9, ft5, ft2",,
0000000080004da0,,s6:fffffffffa06f000,,fa06fb37,1,"lui     s6, 0xfa06f",,
0000000080004da4,,s6:fffffffffa06eabf,,abfb0b1b,1,"addiw   s6, s6, -1345",,
0000000080004da8,,s6:ffffffa06eabf000,,00000b32,1,"c.slli  s6, 12",,
0000000080004daa,,s6:ffffffa06eabeddd,,dddb0b13,1,"addi    s6, s6, -547",,
0000000080004dae,,s0:ffffffffbfaec0f2,,00c1843b,1,"addw    s0, gp, a2",,
0000000080004db2,,s8:0000000000000000,,40005c1b,1,"sraiw   s8, zero, 0",,
0000000080004db6,,t3:7fffffffffffffff,,c22bfe53,1,"fcvt.l.d t3, fs7",,
0000000080004dba,,a1:0000000000000011,,001025f3,1,"csrrs   a1, fflags, zero",,
0000000080004dbe,,a7:00001fffd934b001,,41b388b3,1,"sub     a7, t2, s11",,
0000000080004dc2,,a0:00000000388c40f0,,008bf533,1,"and     a0, s7, s0",,
0000000080004dc6,,fs9:3ff0000000000000,,237e9cd3,1,"fsgnjn.d fs9, ft9, fs7",,
0000000080004dca,,a2:0000000000000000,,01f5161b,1,"slliw   a2, a0, 31",,
0000000080004dce,,a5:0000000000000000,,004627b3,1,"slt     a5, a2, tp",,
0000000080004dd2,,ra:0000000000000001,,00e0e0b3,1,"or      ra, ra, a4",,
0000000080004dd6,,t4:fffffffffffff800,,800e8e9b,1,"addiw   t4, t4, -2048",,
0000000080004dda,,a0:0000000000000001,,c22cf553,1,"fcvt.l.d a0, fs9",,
0000000080004dde,,ft3:ffffffff3f800000,,d02571d3,1,"fcvt.s.l ft3, a0",,
0000000080004de2,,ft0:7ff8000000000000,,021bf053,1,"fadd.d  ft0, fs7, ft1",,
0000000080004de6,,s7:fffffffff13897f2,,00ab9bbb,1,"sllw    s7, s7, a0",,
0000000080004dea,,t1:0000000000000800,,8003031b,1,"addiw   t1, t1, -2048",,
0000000080004dee,,t3:ffffffffffffffff,,03c0ce3b,1,"divw    t3, ra, t3",,
0000000080004008,,s8:0000000080006008,,00002c17,3,"auipc   s8, 0x2",,
000000008000400c,,s8:0000000080005f8e,,f86c0c13,3,"addi    s8, s8, -122",,
0000000080004010,,ra:0000000080004014,,000c00e7,3,jalr    s8,,
0000000080005f8e,,a5:0000000080004df2,,341027f3,3,"csrrs   a5, mepc, zero",,
0000000080005f92,,a4:0000000000000002,,34202773,3,"csrrs   a4, mcause, zero",,
0000000080005f96,,a3:0000000000000000,,142026f3,3,"csrrs   a3, scause, zero",,
0000000080005f9a,,a2:0000000000000a00,,30402673,3,"csrrs   a2, mie, zero",,
0000000080005f9e,,a1:0000000000000080,,344025f3,3,"csrrs   a1, mip, zero",,
0000000080005fa2,,a1:00000000306a3173,,343025f3,3,"csrrs   a1, mtval, zero",,
0000000080005fa6,,a0:0000000000000000,,14302573,3,"csrrs   a0, stval, zero",,
0000000080005faa,,s1:0000000000001066,,b02024f3,3,"csrrs   s1, minstret, zero",,
0000000080005fc2,,a5:0000000080004df6,,00000791,3,"c.addi  a5, 4",,
0000000080004df6,,fa7:7ff8000000000000,,235a88d3,1,"fsgnj.d fa7, fs5, fs5",,
0000000080004dfa,,a5:00000000000002a8,,2a8c8793,1,"addi    a5, s9, 680",,
0000000080004e02,,t1:ffffffffd934ab8f,,03322333,1,"mulhsu  t1, tp, s3",,
0000000080004e06,,s4:000000004000200a,,0010da13,1,"srli    s4, ra, 1",,
0000000080004e0a,,fs1:7ff8000000000000,,02caf4d3,1,"fadd.d  fs1, fs5, fa2",,
0000000080004e0e,,gp:0000000000000000,,4167d193,1,"srai    gp, a5, 22",,
0000000080004e12,,a0:ffffffffffffffff,,4009551b,1,"sraiw   a0, s2, 0",,
0000000080004e16,,a2:ffffffffd934ab86,,fe637613,1,"andi    a2, t1, -26",,
0000000080004e1a,,a0:0000000000000001,,40a10533,1,"sub     a0, sp, a0",,
0000000080004e1e,,s7:0000000000000000,,03bdebbb,1,"remw    s7, s11, s11",,
0000000080004e22,,t2:0000000000000000,,40085393,1,"srai    t2, a6, 0",,
0000000080004e26,,a6:000000004000205e,,056a6813,1,"ori     a6, s4, 86",,
0000000080004e2a,,s9:00000000000002a8,,00f68cbb,1,"addw    s9, a3, a5",,
0000000080004e2e,,ra:0000005f91540a23,,036ef0b3,1,"remu    ra, t4, s6",,
0000000080004e32,,a3:ffffffffffbfefdf,,00cb66b3,1,"or      a3, s6, a2",,
0000000080004e36,,a1:ffffffffbfffdff5,,414e05b3,1,"sub     a1, t3, s4",,
0000000080004e3a,,s9:0000000000000001,,01270cb3,1,"add     s9, a4, s2",,
0000000080004e3e,,s8:0000000000000002,,00ac9c33,1,"sll     s8, s9, a0",,
0000000080004e44,,t3:0000000000000002,,036c7e33,1,"remu    t3, s8, s6",,
0000000080004e48,,a7:000000006eabeddc,,fffb089b,1,"addiw   a7, s6, -1",,
0000000080004e4c,,s7:0000000000000000,,0373fbbb,1,"remuw   s7, t2, s7",,
0000000080004e50,,a0:0000000000000001,,00008d49,1,"c.or    a0, a0",,
0000000080004e56,,t3:000000006eabeddb,,03a8be33,1,"mulhu   t3, a7, s10",,
0000000080004e5a,,s9:0000000000000001,,005c8cbb,1,"addw    s9, s9, t0",,
0000000080004e5e,,s2:ffffffffffffffff,,c23d7953,1,"fcvt.lu.d s2, fs10",,
0000000080004e66,,tp:0000000000000000,,4000523b,1,"sraw    tp, zero, zero",,
0000000080004e6a,,fa3:7ff8000000000000,,0294f6d3,1,"fadd.d  fa3, fs1, fs1",,
0000000080004e6e,,t2:ffffffffffffffff,,c034f3d3,1,"fcvt.lu.s t2, fs1",,
0000000080004e72,,s1:ffffffffd934ab8f,,0003149b,1,"slliw   s1, t1, 0",,
0000000080004e76,,a0:fffffffffffc4f8e,,02dae533,1,"rem     a0, s5, a3",,
0000000080004e7a,,s9:0000000000000000,,03956cb3,1,"rem     s9, a0, s9",,
0000000080004e7e,,a5:00000000dd57dbb6,,001e1793,1,"slli    a5, t3, 1",,
0000000080004e82,,s11:000000002fb83e82,,afb7fd97,1,"auipc   s11, 0xafb7f",,
0000000080004e86,,s3:ffffffffe8984800,,4139d9b3,1,"sra     s3, s3, s3",,
0000000080004e8a,,fa6:0000000000000000,,d221f853,1,"fcvt.d.l fa6, gp",,
0000000080004e8e,,s1:ffffffffbb8af000,,bb8af4b7,1,"lui     s1, 0xbb8af",,
0000000080004e92,,ft2:7ff8000000000000,,e22e714f,1,"fnmadd.d ft2, ft8, ft2, ft8",,
0000000080004e96,,a5:000000001fffffff,,001957bb,1,"srlw    a5, s2, ra",,
0000000080004e9a,,s11:0000000000000011,,001d9df3,1,"csrrw   s11, fflags, s11",,
0000000080004e9e,,a4:0000000000000000,,030dd733,1,"divu    a4, s11, a6",,
0000000080004ea2,,s1:ffffffffffffffff,,c23174d3,1,"fcvt.lu.d s1, ft2",,
0000000080004ea6,,t1:0000000000000012,,00102373,1,"csrrs   t1, fflags, zero",,
0000000080004eaa,,fs11:7ff8000000000000,,13b77dd3,1,"fmul.d  fs11, fa4, fs11",,
0000000080004eae,,fa4:7ff8000000000000,,1bbcf74b,1,"fnmsub.d fa4, fs9, fs11, ft3",,
0000000080004eb2,,s8:7607900000000000,,02b41c13,1,"slli    s8, s0, 43",,
0000000080004eb6,,s5:ffffffffff21725a,,03bacabb,1,"divw    s5, s5, s11",,
0000000080004eba,,s1:ffffffffb51b0001,,001d4493,1,"xori    s1, s10, 1",,
0000000080004ebe,,s0:7fffffffffffffff,,c2257453,1,"fcvt.l.d s0, fa0",,
0000000080004ec2,,a3:071c71c71c71c71c,,026456b3,1,"divu    a3, s0, t1",,
0000000080004ec6,,s6:fffffffffffc4f8e,,00abcb33,1,"xor     s6, s7, a0",,
0000000080004eca,,t2:000000006eabeddb,,400e539b,1,"sraiw   t2, t3, 0",,
0000000080004ece,,tp:0000000000000000,,018bd233,1,"srl     tp, s7, s8",,
0000000080004ed2,,a0:0000000000000000,,41cdd51b,1,"sraiw   a0, s11, 28",,
0000000080004ed6,,s6:0000000000000000,,a3bd8b53,1,"fle.d   s6, fs11, fs11",,
0000000080004eda,,t3:0000000000000012,,00102e73,1,"csrrs   t3, fflags, zero",,
0000000080004ede,,a2:000000000ae4dff5,,41a58633,1,"sub     a2, a1, s10",,
0000000080004ee2,,fs0:7ff8000000000000,,1bce7453,1,"fdiv.d  fs0, ft8, ft8",,
0000000080004ee6,,s4:0000000000000012,,00199a73,1,"csrrw   s4, fflags, s3",,
0000000080004eea,,ft10:7ff8000000000000,,420a0f53,1,"fcvt.d.s ft10, fs4",,
0000000080004eee,,fa1:7ff8000000000000,,1b9475d3,1,"fdiv.d  fa1, fs0, fs9",,
0000000080004ef2,,ft2:43effffffff6a360,,d23d7153,1,"fcvt.d.lu ft2, s10",,
0000000080004ef6,,s6:ffffffffffffffff,,c2347b53,1,"fcvt.lu.d s6, fs0",,
0000000080004efa,,fa3:7ff8000000000000,,23b426d3,1,"fsgnjx.d fa3, fs0, fs11",,
0000000080004efe,,s1:00000000000002bf,,2bf24493,1,"xori    s1, tp, 703",,
0000000080004f02,,s3:ffffffffffffffff,,43995993,1,"srai    s3, s2, 57",,
0000000080004f06,,fs6:7ff8000000000000,,0be77b53,1,"fsub.d  fs6, fa4, ft10",,
0000000080004f0c,,s4:0000000000000000,,40f78a3b,1,"subw    s4, a5, a5",,
0000000080004f10,,s9:fffffffffffff800,,800a0c9b,1,"addiw   s9, s4, -2048",,
0000000080004f14,,a6:000000007fffffff,,c206f853,1,"fcvt.w.d a6, fa3",,
0000000080004f18,,a0:0000000000000000,,01657533,1,"and     a0, a0, s6",,
0000000080004f1c,,s6:00000000e4035f1c,,64031b17,1,"auipc   s6, 0x64031",,
0000000080004f20,,fs11:7ff8000000000000,,420c8dd3,1,"fcvt.d.s fs11, fs9",,
0000000080004f24,,fs2:7ff8000000000000,,2bb19953,1,"fmax.d  fs2, ft3, fs11",,
0000000080004f28,,s7:ffffffffffffffff,,c23afbd3,1,"fcvt.lu.d s7, fs5",,
0000000080004f2c,,ft0:7ff8000000000000,,b32ff04f,1,"fnmadd.d ft0, ft11, fs2, fs6",,
0000000080004f30,,a2:fffffffffffffec5,,ec57061b,1,"addiw   a2, a4, -315",,
0000000080004f34,,fs8:ffffffff5f7fffff,,40117c53,1,"fcvt.s.d fs8, ft2",,
0000000080004f38,,s4:0000000000009000,,00be1a13,1,"slli    s4, t3, 11",,
0000000080004f3c,,s1:00000000000002c0,,00002485,1,"c.addiw s1, 1",,
0000000080004f3e,,s2:ffffffffffffffff,,0349693b,1,"remw    s2, s2, s4",,
0000000080004f42,,s0:0000000000000000,,14192473,1,"csrrs   s0, sepc, s2",,
0000000080004f46,,s7:0000000000000001,,41318bbb,1,"subw    s7, gp, s3",,
0000000080004f4a,,a0:0000000000000001,,408bd53b,1,"sraw    a0, s7, s0",,
0000000080004f4e,,s3:0000000000000000,,010559b3,1,"srl     s3, a0, a6",,
0000000080004f52,,gp:0000000000000001,,002a91f3,1,"csrrw   gp, frm, s5",,
0000000080004f56,,s10:ffffff320a400000,,03a48d33,1,"mul     s10, s1, s10",,
0000000080004f5a,,t0:ffffffffff2172da,,009ae2b3,1,"or      t0, s5, s1",,
0000000080004f5e,,s0:ffffffffffffffff,,0129e433,1,"or      s0, s3, s2",,
0000000080004f62,,a1:fffffffffffffc00,,417cd5b3,1,"sra     a1, s9, s7",,
0000000080004f66,,s4:ffffffffffffffff,,41340a33,1,"sub     s4, s0, s3",,
0000000080004f6a,,fa5:7ff8000000000000,,52fc77c7,1,"fmsub.d fa5, fs8, fa5, fa0",,
0000000080004f6e,,s3:bff0000000000000,,e20289d3,1,"fmv.x.d s3, ft5",,
0000000080004f72,,s10:000000006eabeddb,,0003dd13,1,"srli    s10, t2, 0",,
0000000080004f78,,fs11:43effffffff6a360,,2bb11dd3,1,"fmax.d  fs11, ft2, fs11",,
0000000080004f7c,,t1:0000000000000800,,7ffb831b,1,"addiw   t1, s7, 2047",,
0000000080004f80,,a6:0000000000000002,,00202873,1,"csrrs   a6, frm, zero",,
0000000080004f84,,ft9:ffffffff5f7fffff,,d03a7ed3,1,"fcvt.s.lu ft9, s4",,
0000000080004f88,,t3:0000000000000000,,03435e3b,1,"divuw   t3, t1, s4",,
0000000080004f8c,,s5:0000000000ed8000,,00ed8ab7,1,"lui     s5, 0xed8",,
0000000080004f90,,s5:0000000000ed80e7,,0e7a8a9b,1,"addiw   s5, s5, 231",,
0000000080004f94,,s5:0000001db01ce000,,00000ab6,1,"c.slli  s5, 13",,
0000000080004f96,,s5:0000001db01ce2a1,,2a1a8a93,1,"addi    s5, s5, 673",,
0000000080004f9a,,a4:0000000000000004,,0018171b,1,"slliw   a4, a6, 1",,
0000000080004f9e,,a2:0000000000000000,,0019d61b,1,"srliw   a2, s3, 1",,
0000000080004fa2,,sp:0000000000000000,,0011d11b,1,"srliw   sp, gp, 1",,
0000000080004fa6,,fs2:ffffffffc5000000,,d02ef953,1,"fcvt.s.l fs2, t4",,
0000000080004fac,,t3:0000000000000000,,00411e1b,1,"slliw   t3, sp, 4",,
0000000080004fb0,,s6:0000000000020000,,01b19b33,1,"sll     s6, gp, s11",,
0000000080004fb4,,s5:0000000000000002,,01060abb,1,"addw    s5, a2, a6",,
0000000080004fb8,,a2:ffffffffffffffff,,c038f653,1,"fcvt.lu.s a2, fa7",,
0000000080004fbc,,a2:ffffffffe38e34e4,,40d5863b,1,"subw    a2, a1, a3",,
0000000080004fc0,,s8:0000000000000000,,001c1c1b,1,"slliw   s8, s8, 1",,
0000000080004fc4,,s8:000000003ffffe00,,015cdc3b,1,"srlw    s8, s9, s5",,
0000000080004fc8,,s0:ffffffffffffffff,,0009041b,1,"sext.w  s0, s2",,
0000000080004fcc,,s7:7fffffffffffffff,,c225fbd3,1,"fcvt.l.d s7, fa1",,
0000000080004fd2,,s9:0000000000000000,,01f59c9b,1,"slliw   s9, a1, 31",,
0000000080004fd6,,fa2:7ff8000000000000,,12c9f653,1,"fmul.d  fa2, fs3, fa2",,
0000000080004fda,,tp:0000000000000000,,008c923b,1,"sllw    tp, s9, s0",,
0000000080004fde,,fs1:0000000000000000,,d20204d3,1,"fcvt.d.w fs1, tp",,
0000000080004fe2,,s5:00000000026e5000,,026e5ab7,1,"lui     s5, 0x26e5",,
0000000080004fe6,,s5:00000000026e48e3,,8e3a8a9b,1,"addiw   s5, s5, -1821",,
0000000080004fea,,s5:0000004dc91c6000,,00000ab6,1,"c.slli  s5, 13",,
0000000080004fec,,s5:0000004dc91c665c,,65ca8a93,1,"addi    s5, s5, 1628",,
0000000080004ff0,,a7:00000000003fc85c,,00a2d89b,1,"srliw   a7, t0, 10",,
0000000080004ff4,,ft5:ffffffff4a7f2170,,d028f2d3,1,"fcvt.s.l ft5, a7",,
0000000080004ff8,,fa7:414fe42e00000000,,d228f8d3,1,"fcvt.d.l fa7, a7",,
0000000080004ffc,,a1:ffffffffffffffff,,c03a75d3,1,"fcvt.lu.s a1, fs4",,
0000000080005000,,ft10:c14fe42e00000000,,22588f53,1,"fsgnj.d ft10, fa7, ft5",,
0000000080005004,,t0:0000000000000000,,02b2e2bb,1,"remw    t0, t0, a1",,
0000000080005008,,a3:0000000000000000,,4182d6b3,1,"sra     a3, t0, s8",,
000000008000500c,,s7:0000000000000001,,01022bb3,1,"slt     s7, tp, a6",,
0000000080005010,,s0:0000000000000008,,0037143b,1,"sllw    s0, a4, gp",,
0000000080005014,,s5:0000000000000000,,02672ab3,1,"mulhsu  s5, a4, t1",,
0000000080005018,,t0:0000000000000011,,001292f3,1,"csrrw   t0, fflags, t0",,
000000008000501c,,sp:0000000000000001,,eef2f113,1,"andi    sp, t0, -273",,
0000000080005020,,a6:0000000000000002,,00081833,1,"sll     a6, a6, zero",,
0000000080005024,,s11:0000000000000012,,01b50dbb,1,"addw    s11, a0, s11",,
0000000080005028,,s9:ffffffffffffffff,,c212fcd3,1,"fcvt.wu.d s9, ft5",,
000000008000502c,,a0:0000000000000002,,00202573,1,"csrrs   a0, frm, zero",,
0000000080005030,,a7:7fffffffffffffff,,c227f8d3,1,"fcvt.l.d a7, fa5",,
0000000080005034,,fs4:ffffffff4a7f2170,,23129a53,1,"fsgnjn.d fs4, ft5, fa7",,
0000000080005038,,gp:0000000000000800,,cbb37193,1,"andi    gp, t1, -837",,
000000008000503c,,a0:0000000000000000,,43f05513,1,"srai    a0, zero, 63",,
0000000080005040,,t0:ffffffffffffffff,,fff50293,1,"addi    t0, a0, -1",,
0000000080005044,,fs7:7ff8000000000000,,0a1f7bd3,1,"fsub.d  fs7, ft10, ft1",,
0000000080004008,,s8:0000000080006008,,00002c17,3,"auipc   s8, 0x2",,
000000008000400c,,s8:0000000080005f8e,,f86c0c13,3,"addi    s8, s8, -122",,
0000000080004010,,ra:0000000080004014,,000c00e7,3,jalr    s8,,
0000000080005f8e,,a5:0000000080005048,,341027f3,3,"csrrs   a5, mepc, zero",,
0000000080005f92,,a4:0000000000000002,,34202773,3,"csrrs   a4, mcause, zero",,
0000000080005f96,,a3:0000000000000000,,142026f3,3,"csrrs   a3, scause, zero",,
0000000080005f9a,,a2:0000000000000a00,,30402673,3,"csrrs   a2, mie, zero",,
0000000080005f9e,,a1:0000000000000080,,344025f3,3,"csrrs   a1, mip, zero",,
0000000080005fa2,,a1:000000007b04b3f3,,343025f3,3,"csrrs   a1, mtval, zero",,
0000000080005fa6,,a0:0000000000000000,,14302573,3,"csrrs   a0, stval, zero",,
0000000080005faa,,s1:000000000000110f,,b02024f3,3,"csrrs   s1, minstret, zero",,
0000000080005fc2,,a5:000000008000504c,,00000791,3,"c.addi  a5, 4",,
000000008000504c,,s8:0000000000000002,,40075c13,1,"srai    s8, a4, 0",,
0000000080005050,,ft5:43efffffffffffff,,d23cf2d3,1,"fcvt.d.lu ft5, s9",,
0000000080005054,,a6:00000000f066e054,,70669817,1,"auipc   a6, 0x70669",,
0000000080005058,,s5:fffffffffffffffd,,41828abb,1,"subw    s5, t0, s8",,
000000008000505c,,s2:0000000038c7405c,,b8c6f917,1,"auipc   s2, 0xb8c6f",,
0000000080005060,,fs4:ffffffffbf800000,,d02cfa53,1,"fcvt.s.l fs4, s9",,
0000000080005064,,s9:0000000000000001,,00100c9b,1,"addiw   s9, zero, 1",,
0000000080005068,,a7:0000000100008028,,002098b3,1,"sll     a7, ra, sp",,
000000008000506c,,s0:000000001c63a02e,,0019541b,1,"srliw   s0, s2, 1",,
0000000080005070,,s3:0000000000000000,,4089d9bb,1,"sraw    s3, s3, s0",,
0000000080005074,,a3:000000006eabeddb,,000d569b,1,"srliw   a3, s10, 0",,
0000000080004008,,s8:0000000080006008,,00002c17,3,"auipc   s8, 0x2",,
000000008000400c,,s8:0000000080005f8e,,f86c0c13,3,"addi    s8, s8, -122",,
0000000080004010,,ra:0000000080004014,,000c00e7,3,jalr    s8,,
0000000080005f8e,,a5:0000000080005078,,341027f3,3,"csrrs   a5, mepc, zero",,
0000000080005f92,,a4:0000000000000002,,34202773,3,"csrrs   a4, mcause, zero",,
0000000080005f96,,a3:0000000000000000,,142026f3,3,"csrrs   a3, scause, zero",,
0000000080005f9a,,a2:0000000000000a00,,30402673,3,"csrrs   a2, mie, zero",,
0000000080005f9e,,a1:0000000000000080,,344025f3,3,"csrrs   a1, mip, zero",,
0000000080005fa2,,a1:00000000f15695f3,,343025f3,3,"csrrs   a1, mtval, zero",,
0000000080005fa6,,a0:0000000000000000,,14302573,3,"csrrs   a0, stval, zero",,
0000000080005faa,,s1:000000000000112a,,b02024f3,3,"csrrs   s1, minstret, zero",,
0000000080005fc2,,a5:000000008000507c,,00000791,3,"c.addi  a5, 4",,
000000008000507c,,t0:0000000000000000,,0059a2b3,1,"slt     t0, s3, t0",,
0000000080005082,,ft6:7ff8000000000000,,039e7353,1,"fadd.d  ft6, ft8, fs9",,
0000000080005086,,fs0:fff8000000000000,,222e1453,1,"fsgnjn.d fs0, ft8, ft2",,
000000008000508a,,t3:0000000100008028,,0112ee33,1,"or      t3, t0, a7",,
000000008000508e,,s7:ffffffff80005f8f,,017c0bbb,1,"addw    s7, s8, s7",,
0000000080005094,,a5:0000000000000000,,002057bb,1,"srlw    a5, zero, sp",,
000000008000509c,,a4:0000000000000000,,4009873b,1,"subw    a4, s3, zero",,
00000000800050a0,,a7:0000000000000000,,01fcd89b,1,"srliw   a7, s9, 31",,
00000000800050a4,,t4:fffffffffe9b2000,,fe9b2eb7,1,"lui     t4, 0xfe9b2",,
00000000800050a8,,t4:fffffffffe9b1847,,847e8e9b,1,"addiw   t4, t4, -1977",,
00000000800050ac,,t4:ffffffd36308e000,,00000eb6,1,"c.slli  t4, 13",,
00000000800050ae,,t4:ffffffd36308dd57,,d57e8e93,1,"addi    t4, t4, -681",,
00000000800050b2,,s2:0000000000000000,,105c5973,1,"csrrwi  s2, stvec, 24",,
00000000800050b6,,ft6:414fe42e00000000,,2a389353,1,"fmax.d  ft6, fa7, ft3",,
0000000080004008,,s8:0000000080006008,,00002c17,3,"auipc   s8, 0x2",,
000000008000400c,,s8:0000000080005f8e,,f86c0c13,3,"addi    s8, s8, -122",,
0000000080004010,,ra:0000000080004014,,000c00e7,3,jalr    s8,,
0000000080005f8e,,a5:00000000800050ba,,341027f3,3,"csrrs   a5, mepc, zero",,
0000000080005f92,,a4:0000000000000002,,34202773,3,"csrrs   a4, mcause, zero",,
0000000080005f96,,a3:0000000000000000,,142026f3,3,"csrrs   a3, scause, zero",,
0000000080005f9a,,a2:0000000000000a00,,30402673,3,"csrrs   a2, mie, zero",,
0000000080005f9e,,a1:0000000000000080,,344025f3,3,"csrrs   a1, mip, zero",,
0000000080005fa2,,a1:00000000b02c70f3,,343025f3,3,"csrrs   a1, mtval, zero",,
0000000080005fa6,,a0:0000000000000000,,14302573,3,"csrrs   a0, stval, zero",,
0000000080005faa,,s1:000000000000114b,,b02024f3,3,"csrrs   s1, minstret, zero",,
0000000080005fc2,,a5:00000000800050be,,00000791,3,"c.addi  a5, 4",,
00000000800050be,,s10:000000007fffa871,,41730d33,1,"sub     s10, t1, s7",,
00000000800050c2,,s11:000000007fffa871,,fffd7d93,1,"andi    s11, s10, -1",,
00000000800050c6,,s2:000000000000078e,,78e06913,1,"ori     s2, zero, 1934",,
00000000800050ca,,fa0:414fe42e00000000,,2a830553,1,"fmin.d  fa0, ft6, fs0",,
00000000800050ce,,fs11:ffffffffbf800000,,d02a7dd3,1,"fcvt.s.l fs11, s4",,
00000000800050d2,,s3:0000000000000002,,002029f3,1,"csrrs   s3, frm, zero",,
00000000800050d6,,s8:0000000000000002,,00279c73,1,"csrrw   s8, frm, a5",,
00000000800050da,,s4:0000000000000400,,0011da1b,1,"srliw   s4, gp, 1",,
0000000080004008,,s8:0000000080006008,,00002c17,3,"auipc   s8, 0x2",,
000000008000400c,,s8:0000000080005f8e,,f86c0c13,3,"addi    s8, s8, -122",,
0000000080004010,,ra:0000000080004014,,000c00e7,3,jalr    s8,,
0000000080005f8e,,a5:00000000800050de,,341027f3,3,"csrrs   a5, mepc, zero",,
0000000080005f92,,a4:0000000000000002,,34202773,3,"csrrs   a4, mcause, zero",,
0000000080005f96,,a3:0000000000000000,,142026f3,3,"csrrs   a3, scause, zero",,
0000000080005f9a,,a2:0000000000000a00,,30402673,3,"csrrs   a2, mie, zero",,
0000000080005f9e,,a1:0000000000000080,,344025f3,3,"csrrs   a1, mip, zero",,
0000000080005fa2,,a1:0000000040167653,,343025f3,3,"csrrs   a1, mtval, zero",,
0000000080005fa6,,a0:0000000000000000,,14302573,3,"csrrs   a0, stval, zero",,
0000000080005faa,,s1:0000000000001163,,b02024f3,3,"csrrs   s1, minstret, zero",,
0000000080005fc2,,a5:00000000800050e2,,00000791,3,"c.addi  a5, 4",,
00000000800050e2,,s1:fd43880000000000,,02bd1493,1,"slli    s1, s10, 43",,
00000000800050e6,,t0:ffffffff80004014,,011082bb,1,"addw    t0, ra, a7",,
00000000800050ea,,s5:0000000000000002,,0138cab3,1,"xor     s5, a7, s3",,
00000000800050f0,,a0:0000000000000000,,00fad51b,1,"srliw   a0, s5, 15",,
00000000800050f4,,s3:0000000000000000,,01f6999b,1,"slliw   s3, a3, 31",,
00000000800050f8,,a5:0000000000000000,,00fc27b3,1,"slt     a5, s8, a5",,
00000000800050fc,,s0:0000000000000000,,01c7d41b,1,"srliw   s0, a5, 28",,
0000000080005100,,s6:fffffffffffffae4,,ee4a4b13,1,"xori    s6, s4, -284",,
0000000080005104,,s2:0000000000000000,,034e2933,1,"mulhsu  s2, t3, s4",,
0000000080005108,,s5:0000000000000001,,036abab3,1,"mulhu   s5, s5, s6",,
0000000080004008,,s8:0000000080006008,,00002c17,3,"auipc   s8, 0x2",,
000000008000400c,,s8:0000000080005f8e,,f86c0c13,3,"addi    s8, s8, -122",,
0000000080004010,,ra:0000000080004014,,000c00e7,3,jalr    s8,,
0000000080005f8e,,a5:000000008000510c,,341027f3,3,"csrrs   a5, mepc, zero",,
0000000080005f92,,a4:0000000000000002,,34202773,3,"csrrs   a4, mcause, zero",,
0000000080005f96,,a3:0000000000000000,,142026f3,3,"csrrs   a3, scause, zero",,
0000000080005f9a,,a2:0000000000000a00,,30402673,3,"csrrs   a2, mie, zero",,
0000000080005f9e,,a1:0000000000000080,,344025f3,3,"csrrs   a1, mip, zero",,
0000000080005fa2,,a1:00000000d03874d3,,343025f3,3,"csrrs   a1, mtval, zero",,
0000000080005fa6,,a0:0000000000000000,,14302573,3,"csrrs   a0, stval, zero",,
0000000080005faa,,s1:000000000000117e,,b02024f3,3,"csrrs   s1, minstret, zero",,
0000000080005fc2,,a5:0000000080005110,,00000791,3,"c.addi  a5, 4",,
0000000080005110,,s7:0000000000000001,,40015b9b,1,"sraiw   s7, sp, 0",,
0000000080005114,,t0:fff8000401400000,,005292b3,1,"sll     t0, t0, t0",,
0000000080005118,,t2:0000000000000001,,403cd3bb,1,"sraw    t2, s9, gp",,
000000008000511c,,fs1:c14fe42e00000000,,2a1f14d3,1,"fmax.d  fs1, ft10, ft1",,
0000000080004008,,s8:0000000080006008,,00002c17,3,"auipc   s8, 0x2",,
000000008000400c,,s8:0000000080005f8e,,f86c0c13,3,"addi    s8, s8, -122",,
0000000080004010,,ra:0000000080004014,,000c00e7,3,jalr    s8,,
0000000080005f8e,,a5:0000000080005120,,341027f3,3,"csrrs   a5, mepc, zero",,
0000000080005f92,,a4:0000000000000002,,34202773,3,"csrrs   a4, mcause, zero",,
0000000080005f96,,a3:0000000000000000,,142026f3,3,"csrrs   a3, scause, zero",,
0000000080005f9a,,a2:0000000000000a00,,30402673,3,"csrrs   a2, mie, zero",,
0000000080005f9e,,a1:0000000000000080,,344025f3,3,"csrrs   a1, mip, zero",,
0000000080005fa2,,a1:000000000b46f6d3,,343025f3,3,"csrrs   a1, mtval, zero",,
0000000080005fa6,,a0:0000000000000000,,14302573,3,"csrrs   a0, stval, zero",,
0000000080005faa,,s1:0000000000001192,,b02024f3,3,"csrrs   s1, minstret, zero",,
0000000080005fc2,,a5:0000000080005124,,00000791,3,"c.addi  a5, 4",,
0000000080004008,,s8:0000000080006008,,00002c17,3,"auipc   s8, 0x2",,
000000008000400c,,s8:0000000080005f8e,,f86c0c13,3,"addi    s8, s8, -122",,
0000000080004010,,ra:0000000080004014,,000c00e7,3,jalr    s8,,
0000000080005f8e,,a5:0000000080005124,,341027f3,3,"csrrs   a5, mepc, zero",,
0000000080005f92,,a4:0000000000000002,,34202773,3,"csrrs   a4, mcause, zero",,
0000000080005f96,,a3:0000000000000000,,142026f3,3,"csrrs   a3, scause, zero",,
0000000080005f9a,,a2:0000000000000a00,,30402673,3,"csrrs   a2, mie, zero",,
0000000080005f9e,,a1:0000000000000080,,344025f3,3,"csrrs   a1, mip, zero",,
0000000080005fa2,,a1:000000005a05fb53,,343025f3,3,"csrrs   a1, mtval, zero",,
0000000080005fa6,,a0:0000000000000000,,14302573,3,"csrrs   a0, stval, zero",,
0000000080005faa,,s1:00000000000011a2,,b02024f3,3,"csrrs   s1, minstret, zero",,
0000000080005fc2,,a5:0000000080005128,,00000791,3,"c.addi  a5, 4",,
0000000080005128,,t2:0000000000000001,,0092a3b3,1,"slt     t2, t0, s1",,
000000008000512c,,a4:0000000000000004,,02e70733,1,"mul     a4, a4, a4",,
0000000080005130,,fa4:00000000f066e054,,f2080753,1,"fmv.d.x fa4, a6",,
0000000080005134,,a2:0000000000000000,,00e7a633,1,"slt     a2, a5, a4",,
0000000080004008,,s8:0000000080006008,,00002c17,3,"auipc   s8, 0x2",,
000000008000400c,,s8:0000000080005f8e,,f86c0c13,3,"addi    s8, s8, -122",,
0000000080004010,,ra:0000000080004014,,000c00e7,3,jalr    s8,,
0000000080005f8e,,a5:0000000080005138,,341027f3,3,"csrrs   a5, mepc, zero",,
0000000080005f92,,a4:0000000000000002,,34202773,3,"csrrs   a4, mcause, zero",,
0000000080005f96,,a3:0000000000000000,,142026f3,3,"csrrs   a3, scause, zero",,
0000000080005f9a,,a2:0000000000000a00,,30402673,3,"csrrs   a2, mie, zero",,
0000000080005f9e,,a1:0000000000000080,,344025f3,3,"csrrs   a1, mip, zero",,
0000000080005fa2,,a1:00000000a216f34f,,343025f3,3,"csrrs   a1, mtval, zero",,
0000000080005fa6,,a0:0000000000000000,,14302573,3,"csrrs   a0, stval, zero",,
0000000080005faa,,s1:00000000000011b6,,b02024f3,3,"csrrs   s1, minstret, zero",,
0000000080005fc2,,a5:000000008000513c,,00000791,3,"c.addi  a5, 4",,
000000008000513c,,t0:fffffffffffffa72,,a7266293,1,"ori     t0, a2, -1422",,
0000000080005140,,s2:ffffffd36308d844,,01db7933,1,"and     s2, s6, t4",,
0000000080005144,,tp:ffffffd36308d557,,406e8233,1,"sub     tp, t4, t1",,
0000000080005148,,t4:ffffffffffffffff,,02722eb3,1,"mulhsu  t4, tp, t2",,
000000008000514c,,s8:0000000000000000,,00489c3b,1,"sllw    s8, a7, tp",,
0000000080005150,,s6:fffffffffffffae4,,000b1b13,1,"slli    s6, s6, 0",,
0000000080004008,,s8:0000000080006008,,00002c17,3,"auipc   s8, 0x2",,
000000008000400c,,s8:0000000080005f8e,,f86c0c13,3,"addi    s8, s8, -122",,
0000000080004010,,ra:0000000080004014,,000c00e7,3,jalr    s8,,
0000000080005f8e,,a5:0000000080005154,,341027f3,3,"csrrs   a5, mepc, zero",,
0000000080005f92,,a4:0000000000000002,,34202773,3,"csrrs   a4, mcause, zero",,
0000000080005f96,,a3:0000000000000000,,142026f3,3,"csrrs   a3, scause, zero",,
0000000080005f9a,,a2:0000000000000a00,,30402673,3,"csrrs   a2, mie, zero",,
0000000080005f9e,,a1:0000000000000080,,344025f3,3,"csrrs   a1, mip, zero",,
0000000080005fa2,,a1:000000001ae27d53,,343025f3,3,"csrrs   a1, mtval, zero",,
0000000080005fa6,,a0:0000000000000000,,14302573,3,"csrrs   a0, stval, zero",,
0000000080005faa,,s1:00000000000011cc,,b02024f3,3,"csrrs   s1, minstret, zero",,
0000000080005fc2,,a5:0000000080005158,,00000791,3,"c.addi  a5, 4",,
0000000080005158,,s10:0000000000000272,,00628d33,1,"add     s10, t0, t1",,
000000008000515c,,sp:0000000000000006,,00231173,1,"csrrw   sp, frm, t1",,
0000000080005160,,s0:0000000000000000,,00d1541b,1,"srliw   s0, sp, 13",,
0000000080005164,,fa2:7ff8000000000000,,5a03f653,1,"fsqrt.d fa2, ft7",,
0000000080005168,,s1:000000007fffd1b8,,401484bb,1,"subw    s1, s1, ra",,
000000008000516c,,ft0:7ff8000000000000,,9269704b,1,"fnmsub.d ft0, fs2, ft6, fs2",,
0000000080005170,,sp:00000000003fc85c,,c2337153,1,"fcvt.lu.d sp, ft6",,
0000000080005174,,ft10:7ff8000000000000,,8a627f4b,1,"fnmsub.d ft10, ft4, ft6, fa7",,
0000000080005178,,a0:0000000000000000,,4126551b,1,"sraiw   a0, a2, 18",,
000000008000517c,,fa5:7ff8000000000000,,0ba8f7d3,1,"fsub.d  fa5, fa7, fs10",,
0000000080005180,,fs5:7ff8000000000000,,0a78fad3,1,"fsub.d  fs5, fa7, ft7",,
0000000080005184,,s8:fffffffffffffdbf,,dbf54c13,1,"xori    s8, a0, -577",,
0000000080005188,,sp:000000007fffffff,,c207f153,1,"fcvt.w.d sp, fa5",,
000000008000518c,,s7:0000000002aee000,,02aeebb7,1,"lui     s7, 0x2aee",,
0000000080005190,,s7:0000000002aedb07,,b07b8b9b,1,"addiw   s7, s7, -1273",,
0000000080005194,,s7:0000002aedb07000,,00000bb2,1,"c.slli  s7, 12",,
0000000080005196,,s7:0000002aedb06c26,,c26b8b93,1,"addi    s7, s7, -986",,
000000008000519a,,s2:0000000000000800,,0271d933,1,"divu    s2, gp, t2",,
000000008000519e,,ft0:ffffffff441c8000,,d03d7053,1,"fcvt.s.lu ft0, s10",,
00000000800051a2,,s0:00000000000004f9,,4f83841b,1,"addiw   s0, t2, 1272",,
00000000800051a6,,gp:0000000000000400,,0011d19b,1,"srliw   gp, gp, 1",,
00000000800051aa,,a2:00000000700701aa,,f006b617,1,"auipc   a2, 0xf006b",,
00000000800051ae,,fa3:ffffffff45000000,,d03976d3,1,"fcvt.s.lu fa3, s2",,
00000000800051b2,,ft1:ffffffff5f800000,,d03ef0d3,1,"fcvt.s.lu ft1, t4",,
00000000800051b6,,t3:0000000000000400,,6111fe13,1,"andi    t3, gp, 1553",,
00000000800051ba,,ft7:41dc01c06a800000,,d21603d3,1,"fcvt.d.wu ft7, a2",,
00000000800051c2,,t2:0000000001459000,,014593b7,1,"lui     t2, 0x1459",,
00000000800051c6,,t2:0000000001458a29,,a293839b,1,"addiw   t2, t2, -1495",,
00000000800051ca,,t2:00000051628a4000,,000003ba,1,"c.slli  t2, 14",,
00000000800051cc,,t2:00000051628a4096,,09638393,1,"addi    t2, t2, 150",,
0000000080004008,,s8:0000000080006008,,00002c17,3,"auipc   s8, 0x2",,
000000008000400c,,s8:0000000080005f8e,,f86c0c13,3,"addi    s8, s8, -122",,
0000000080004010,,ra:0000000080004014,,000c00e7,3,jalr    s8,,
0000000080005f8e,,a5:00000000800051d0,,341027f3,3,"csrrs   a5, mepc, zero",,
0000000080005f92,,a4:0000000000000002,,34202773,3,"csrrs   a4, mcause, zero",,
0000000080005f96,,a3:0000000000000000,,142026f3,3,"csrrs   a3, scause, zero",,
0000000080005f9a,,a2:0000000000000a00,,30402673,3,"csrrs   a2, mie, zero",,
0000000080005f9e,,a1:0000000000000080,,344025f3,3,"csrrs   a1, mip, zero",,
0000000080005fa2,,a1:00000000f110d173,,343025f3,3,"csrrs   a1, mtval, zero",,
0000000080005fa6,,a0:0000000000000000,,14302573,3,"csrrs   a0, stval, zero",,
0000000080005faa,,s1:00000000000011fb,,b02024f3,3,"csrrs   s1, minstret, zero",,
0000000080005fc2,,a5:00000000800051d4,,00000791,3,"c.addi  a5, 4",,
00000000800051d4,,s4:0000000000000000,,002baa33,1,"slt     s4, s7, sp",,
00000000800051d8,,ra:0000000080003af8,,000090da,1,"c.add   ra, s6",,
00000000800051da,,fs3:41d8c23555c00000,,d21209d3,1,"fcvt.d.wu fs3, tp",,
00000000800051de,,ft2:407c1a2eedecb91e,,1a63f153,1,"fdiv.d  ft2, ft7, ft6",,
00000000800051e2,,gp:0000000000000000,,002021f3,1,"csrrs   gp, frm, zero",,
00000000800051ea,,t3:0000000000000014,,00765e1b,1,"srliw   t3, a2, 7",,
00000000800051ee,,s8:0000000000000000,,4158dc33,1,"sra     s8, a7, s5",,
00000000800051f2,,s2:0000000000000000,,41c8d933,1,"sra     s2, a7, t3",,
00000000800051f6,,a3:ffff000000000000,,030e9693,1,"slli    a3, t4, 48",,
00000000800051fa,,s9:0000000000000000,,039d7cbb,1,"remuw   s9, s10, s9",,
00000000800051fe,,fa1:ffffffff43e0d177,,401175d3,1,"fcvt.s.d fa1, ft2",,
0000000080005202,,a2:0000000000000000,,40465633,1,"sra     a2, a2, tp",,
0000000080005206,,fs11:0000000000000000,,d2367dd3,1,"fcvt.d.lu fs11, a2",,
0000000080005210,,fs6:4000000000000000,,d2070b53,1,"fcvt.d.w fs6, a4",,
0000000080005214,,a4:0000000000000000,,c2177753,1,"fcvt.wu.d a4, fa4",,
0000000080005218,,fs0:7ff8000000000000,,7367f447,1,"fmsub.d fs0, fa5, fs6, fa4",,
000000008000521c,,t3:0000000000000000,,a2f40e53,1,"fle.d   t3, fs0, fa5",,
0000000080005220,,ra:0000000000000011,,001e10f3,1,"csrrw   ra, fflags, t3",,
0000000080005224,,s10:0000000000000000,,00719d3b,1,"sllw    s10, gp, t2",,
0000000080005228,,s1:ffffffffffffffff,,c237f4d3,1,"fcvt.lu.d s1, fa5",,
000000008000522c,,ft5:c5d8c23555bfffff,,9a59f2cf,1,"fnmadd.d ft5, fs3, ft5, fs3",,
0000000080005230,,s6:000000007fffffff,,00015b1b,1,"srliw   s6, sp, 0",,
0000000080005234,,t2:ffffffffffffffc1,,407853bb,1,"sraw    t2, a6, t2",,
0000000080005238,,a5:000000006308d557,,c239f7d3,1,"fcvt.lu.d a5, fs3",,
000000008000523c,,a4:0000000000000000,,0368c73b,1,"divw    a4, a7, s6",,
0000000080005240,,ra:0000000000000002,,c23b70d3,1,"fcvt.lu.d ra, fs6",,
0000000080005244,,fs4:7ff8000000000000,,2acc1a53,1,"fmax.d  fs4, fs8, fa2",,
0000000080005248,,ft2:7ff8000000000000,,0bde7153,1,"fsub.d  ft2, ft8, ft9",,
000000008000524c,,t4:ffffffffffffffff,,000e9e93,1,"slli    t4, t4, 0",,
0000000080005250,,s6:0000000000000000,,016ddb33,1,"srl     s6, s11, s6",,
0000000080005256,,t1:0000000000000000,,02db4333,1,"div     t1, s6, a3",,
0000000080005262,,a0:0000000000000000,,0173553b,1,"srlw    a0, t1, s7",,
0000000080005266,,ft4:7ff8000000000000,,02427253,1,"fadd.d  ft4, ft4, ft4",,
000000008000526a,,gp:0000000000000000,,004611b3,1,"sll     gp, a2, tp",,
000000008000526e,,t3:fffffffffffffb4f,,b4fe0e13,1,"addi    t3, t3, -1201",,
0000000080005272,,a2:0000000000000000,,03630633,1,"mul     a2, t1, s6",,
0000000080005276,,fs5:7ff8000000000000,,1a457ad3,1,"fdiv.d  fs5, fa0, ft4",,
000000008000527a,,ft10:7ff8000000000000,,1beeff53,1,"fdiv.d  ft10, ft9, ft10",,
000000008000527e,,s11:0000000000000011,,00102df3,1,"csrrs   s11, fflags, zero",,
0000000080005282,,fs5:40e52b29236a9d62,,5a03fad3,1,"fsqrt.d fs5, ft7",,
000000008000528a,,s1:0000000000000001,,01b1a4b3,1,"slt     s1, gp, s11",,
0000000080005292,,s6:0000000000000000,,023b1b33,1,"mulh    s6, s6, gp",,
0000000080005296,,fs9:7ff8000000000000,,420afccf,1,"fnmadd.d fs9, fs5, ft0, fs0",,
000000008000529a,,a7:0000000000000011,,001028f3,1,"csrrs   a7, fflags, zero",,
000000008000529e,,a6:0000000000000011,,00102873,1,"csrrs   a6, fflags, zero",,
00000000800052a2,,fa1:7ff8000000000000,,1b15f5d3,1,"fdiv.d  fa1, fa1, fa7",,
00000000800052a6,,a3:00007fff80000000,,0116d6b3,1,"srl     a3, a3, a7",,
00000000800052aa,,ft5:ffffffff41880000,,d03872d3,1,"fcvt.s.lu ft5, a6",,
00000000800052ae,,ft11:7ff8000000000000,,138fffd3,1,"fmul.d  ft11, ft11, fs8",,
00000000800052b2,,a0:ffffffffff4fa000,,ff4fa537,1,"lui     a0, 0xff4fa",,
00000000800052b6,,a0:ffffffffff4fa035,,0355051b,1,"addiw   a0, a0, 53",,
00000000800052ba,,a0:ffffffe9f406a000,,00000536,1,"c.slli  a0, 13",,
00000000800052bc,,a0:ffffffe9f406a4a6,,4a650513,1,"addi    a0, a0, 1190",,
00000000800052c0,,fs9:ffffffff56ffff00,,d026fcd3,1,"fcvt.s.l fs9, a3",,
00000000800052c4,,ra:0000000000000011,,01b980b3,1,"add     ra, s3, s11",,
00000000800052c8,,fs1:c04f800000000000,,d20384d3,1,"fcvt.d.w fs1, t2",,
00000000800052cc,,tp:000000007fffffff,,c20c7253,1,"fcvt.w.d tp, fs8",,
00000000800052d0,,a1:0000000000000001,,02b4e5bb,1,"remw    a1, s1, a1",,
00000000800052d4,,a2:0000000000000010,,0250a633,1,"mulhsu  a2, ra, t0",,
00000000800052d8,,ft7:7ff8000000000000,,1ab4f3d3,1,"fdiv.d  ft7, fs1, fa1",,
00000000800052dc,,a4:0000000000000010,,00e61733,1,"sll     a4, a2, a4",,
00000000800052e0,,s6:ffffffffffffffff,,40bd0b3b,1,"subw    s6, s10, a1",,
00000000800052e4,,s5:0000000000000abb,,41abda93,1,"srai    s5, s7, 26",,
00000000800052e8,,s10:0000000000000000,,014d5d33,1,"srl     s10, s10, s4",,
00000000800052ec,,s4:0000000000000050,,407d8a3b,1,"subw    s4, s11, t2",,
00000000800052f0,,fa5:ffffffff7fc00000,,4012f7d3,1,"fcvt.s.d fa5, ft5",,
00000000800052f4,,s11:0000000000000000,,00202df3,1,"csrrs   s11, frm, zero",,
00000000800052f8,,t3:0000000000000000,,004d5e3b,1,"srlw    t3, s10, tp",,
00000000800052fc,,t2:00000000394af2fc,,b94aa397,1,"auipc   t2, 0xb94aa",,
0000000080005300,,sp:0000000000000011,,41670133,1,"sub     sp, a4, s6",,
0000000080005304,,a3:ffffffffffffffff,,032156b3,1,"divu    a3, sp, s2",,
0000000080005308,,s9:fffffffff406a4a6,,01951cbb,1,"sllw    s9, a0, s9",,
000000008000530c,,t0:fffffffff406aca5,,7ffc8293,1,"addi    t0, s9, 2047",,
0000000080005310,,s2:00000000003fc85c,,c218f953,1,"fcvt.wu.d s2, fa7",,
0000000080005314,,s4:0000000000000000,,01977a33,1,"and     s4, a4, s9",,
0000000080005318,,sp:ffffffffffffffff,,c216f153,1,"fcvt.wu.d sp, fa3",,
000000008000531c,,s11:0000000000000011,,00009d86,1,"c.add   s11, ra",,
000000008000531e,,a0:0000000000000012,,00108513,1,"addi    a0, ra, 1",,
0000000080005322,,a2:0000000000000010,,0018c613,1,"xori    a2, a7, 1",,
0000000080005326,,s11:0000000000000000,,01a1adb3,1,"slt     s11, gp, s10",,
000000008000532a,,fs8:ffffffff7fc00000,,22b7ac53,1,"fsgnjx.d fs8, fa5, fa1",,
000000008000532e,,fa0:7ff8000000000000,,02f7f553,1,"fadd.d  fa0, fa5, fa5",,
0000000080005332,,a5:ffffffffffffffff,,03ce47b3,1,"div     a5, t3, t3",,
0000000080005336,,fs4:ffffffffffffffff,,f2078a53,1,"fmv.d.x fs4, a5",,
000000008000533a,,s2:ffffffffffffffff,,02c79933,1,"mulh    s2, a5, a2",,
000000008000533e,,ft2:fff8000000000000,,23458153,1,"fsgnj.d ft2, fa1, fs4",,
0000000080005346,,s3:ffffffffffffffff,,020169bb,1,"remw    s3, sp, zero",,
000000008000534a,,s2:0000000000000000,,00fad93b,1,"srlw    s2, s5, a5",,
000000008000534e,,a0:0000000000000000,,40c7553b,1,"sraw    a0, a4, a2",,
0000000080005352,,t1:ffffffffffffffff,,41f2d31b,1,"sraiw   t1, t0, 31",,
0000000080005356,,tp:000000007fffffff,,00826233,1,"or      tp, tp, s0",,
000000008000535a,,a2:fffffffffffff544,,006ac633,1,"xor     a2, s5, t1",,
000000008000535e,,t4:0000000000000000,,00cd2eb3,1,"slt     t4, s10, a2",,
0000000080005362,,s4:40e52b29236a9d62,,e20a8a53,1,"fmv.x.d s4, fs5",,
0000000080005366,,sp:fffffffc00000000,,0000110a,1,"c.slli  sp, 34",,
0000000080005368,,t3:0000000000000000,,01bd9e33,1,"sll     t3, s11, s11",,
000000008000536c,,s1:0000000000000000,,002d14f3,1,"csrrw   s1, frm, s10",,
0000000080005370,,s8:0000000000000000,,02f4cc33,1,"div     s8, s1, a5",,
0000000080005374,,s2:ffffffffffffffff,,0027993b,1,"sllw    s2, a5, sp",,
0000000080005378,,a6:00000000394af2ec,,00774833,1,"xor     a6, a4, t2",,
0000000080004008,,s8:0000000080006008,,00002c17,3,"auipc   s8, 0x2",,
000000008000400c,,s8:0000000080005f8e,,f86c0c13,3,"addi    s8, s8, -122",,
0000000080004010,,ra:0000000080004014,,000c00e7,3,jalr    s8,,
0000000080005f8e,,a5:000000008000537c,,341027f3,3,"csrrs   a5, mepc, zero",,
0000000080005f92,,a4:0000000000000002,,34202773,3,"csrrs   a4, mcause, zero",,
0000000080005f96,,a3:0000000000000000,,142026f3,3,"csrrs   a3, scause, zero",,
0000000080005f9a,,a2:0000000000000a00,,30402673,3,"csrrs   a2, mie, zero",,
0000000080005f9e,,a1:0000000000000080,,344025f3,3,"csrrs   a1, mip, zero",,
0000000080005fa2,,a1:00000000c03069f3,,343025f3,3,"csrrs   a1, mtval, zero",,
0000000080005fa6,,a0:0000000000000000,,14302573,3,"csrrs   a0, stval, zero",,
0000000080005faa,,s1:0000000000001278,,b02024f3,3,"csrrs   s1, minstret, zero",,
0000000080005fc2,,a5:0000000080005380,,00000791,3,"c.addi  a5, 4",,
0000000080005380,,ft4:7ff8000000000000,,239c724f,1,"fnmadd.d ft4, fs8, fs9, ft4",,
0000000080005384,,t4:000000000000049e,,4144debb,1,"sraw    t4, s1, s4",,
0000000080005388,,s3:0000000000000000,,41d659bb,1,"sraw    s3, a2, t4",,
0000000080004008,,s8:0000000080006008,,00002c17,3,"auipc   s8, 0x2",,
000000008000400c,,s8:0000000080005f8e,,f86c0c13,3,"addi    s8, s8, -122",,
0000000080004010,,ra:0000000080004014,,000c00e7,3,jalr    s8,,
0000000080005f8e,,a5:000000008000538c,,341027f3,3,"csrrs   a5, mepc, zero",,
0000000080005f92,,a4:0000000000000002,,34202773,3,"csrrs   a4, mcause, zero",,
0000000080005f96,,a3:0000000000000000,,142026f3,3,"csrrs   a3, scause, zero",,
0000000080005f9a,,a2:0000000000000a00,,30402673,3,"csrrs   a2, mie, zero",,
0000000080005f9e,,a1:0000000000000080,,344025f3,3,"csrrs   a1, mip, zero",,
0000000080005fa2,,a1:00000000b02ff873,,343025f3,3,"csrrs   a1, mtval, zero",,
0000000080005fa6,,a0:0000000000000000,,14302573,3,"csrrs   a0, stval, zero",,
0000000080005faa,,s1:000000000000128b,,b02024f3,3,"csrrs   s1, minstret, zero",,
0000000080005fc2,,a5:0000000080005390,,00000791,3,"c.addi  a5, 4",,
0000000080005390,,a6:00000000394af237,,f4b8081b,1,"addiw   a6, a6, -181",,
0000000080005394,,fs0:7ff8000000000000,,03ac7453,1,"fadd.d  fs0, fs8, fs10",,
0000000080005398,,t1:fffffffffffffff0,,415c533b,1,"sraw    t1, s8, s5",,
000000008000539c,,fs6:c030000000000000,,d2237b53,1,"fcvt.d.l fs6, t1",,
00000000800053a0,,fs0:7ff8000000000000,,5a097453,1,"fsqrt.d fs0, fs2",,
00000000800053a4,,ft10:7ff8000000000000,,42038f53,1,"fcvt.d.s ft10, ft7",,
00000000800053a8,,fs1:7ff8000000000000,,3bec74c7,1,"fmsub.d fs1, fs8, ft10, ft7",,
00000000800053ac,,s5:000000000000024f,,001eda9b,1,"srliw   s5, t4, 1",,
00000000800053b4,,t2:ffffffffffffffff,,41f5d39b,1,"sraiw   t2, a1, 31",,
00000000800053b8,,s5:000000000000128d,,00970abb,1,"addw    s5, a4, s1",,
00000000800053bc,,t2:fffffffc00000000,,00d153b3,1,"srl     t2, sp, a3",,
00000000800053c4,,s10:0000000000000000,,40005d1b,1,"sraiw   s10, zero, 0",,
00000000800053c8,,s7:000000007fffa071,,038b7bbb,1,"remuw   s7, s6, s8",,
00000000800053cc,,s9:00000000000009ff,,fff60c93,1,"addi    s9, a2, -1",,
00000000800053d0,,s11:0000000000000011,,00102df3,1,"csrrs   s11, fflags, zero",,
00000000800053d4,,s2:fffffffff406a2a6,,41928933,1,"sub     s2, t0, s9",,
00000000800053d8,,ft9:7ff8000000000000,,829efec7,1,"fmsub.d ft9, ft9, fs1, fa6",,
00000000800053dc,,ft3:7ff8000000000000,,1232f1d3,1,"fmul.d  ft3, ft5, ft3",,
00000000800053e0,,fa7:ffffffff45946800,,d02af8d3,1,"fcvt.s.l fa7, s5",,
00000000800053e4,,a0:fffffffffffffa8d,,800ae513,1,"ori     a0, s5, -2048",,
00000000800053e8,,fs6:7ff8000000000000,,42060b53,1,"fcvt.d.s fs6, fa2",,
00000000800053ec,,ft5:41e0000a72000000,,d227f2d3,1,"fcvt.d.l ft5, a5",,
00000000800053f0,,fs11:40b28d0000000000,,d22afdd3,1,"fcvt.d.l fs11, s5",,
00000000800053f4,,a3:0000000080004014,,02d0e6b3,1,"rem     a3, ra, a3",,
00000000800053f8,,s2:00000000394af237,,4008591b,1,"sraiw   s2, a6, 0",,
00000000800053fc,,a1:fffffffffffff51a,,00a505b3,1,"add     a1, a0, a0",,
0000000080005400,,a2:0000000000000000,,029cd63b,1,"divuw   a2, s9, s1",,
0000000080005404,,fa6:7ff8000000000000,,3308f84b,1,"fnmsub.d fa6, fa7, fa6, ft6",,
0000000080005408,,ft9:c0a5cc0000000000,,d225fed3,1,"fcvt.d.l ft9, a1",,
000000008000540c,,s4:fffffffffffffffe,,4095da33,1,"sra     s4, a1, s1",,
0000000080005410,,a2:ffffffffffffffef,,f6bc6613,1,"ori     a2, s8, -149",,
0000000080005414,,s7:fffffffc3205ea59,,02c90bb3,1,"mul     s7, s2, a2",,
000000008000541c,,s1:0000000000000000,,0150149b,1,"slliw   s1, zero, 21",,
0000000080005420,,s9:ffffffffffffffff,,9b266c93,1,"ori     s9, a2, -1614",,
0000000080005424,,fa5:4000000000000000,,d21707d3,1,"fcvt.d.wu fa5, a4",,
0000000080005428,,a1:0000000000000003,,416705bb,1,"subw    a1, a4, s6",,
000000008000542c,,fa0:c0c28c0000000000,,7bb7f54b,1,"fnmsub.d fa0, fa5, fs11, fa5",,
0000000080005430,,s4:ffffffffffffffaf,,fb0b0a1b,1,"addiw   s4, s6, -80",,
0000000080005434,,a6:0000000000020001,,018c5833,1,"srl     a6, s8, s8",,
000000008000543c,,t2:00000001fffeffa8,,02d3d3b3,1,"divu    t2, t2, a3",,
0000000080005440,,ra:0000000000000002,,c207f0d3,1,"fcvt.w.d ra, fa5",,
0000000080005444,,s8:0000000000000001,,0382dc3b,1,"divuw   s8, t0, s8",,
0000000080005448,,fa2:41efffffffe00000,,d21c8653,1,"fcvt.d.wu fa2, s9",,
000000008000544c,,t4:7fffffffffffffff,,c22c7ed3,1,"fcvt.l.d t4, fs8",,
0000000080005450,,a3:0000000000000001,,000c66b3,1,"or      a3, s8, zero",,
0000000080005454,,a0:fffffffffffff51a,,c22ef553,1,"fcvt.l.d a0, ft9",,
0000000080005458,,s1:000000000bf9535a,,fff2c493,1,"not     s1, t0",,
000000008000545c,,s8:0000000000000001,,02535c3b,1,"divuw   s8, t1, t0",,
0000000080005460,,a3:ffffffff9da0d000,,9da0d6b7,1,"lui     a3, 0x9da0d",,
0000000080005464,,a5:ffffffff9ff9d35a,,00d4e7b3,1,"or      a5, s1, a3",,
0000000080005468,,t2:0000000000000000,,036b63bb,1,"remw    t2, s6, s6",,
000000008000546c,,t3:0000000000000000,,00202e73,1,"csrrs   t3, frm, zero",,
0000000080005470,,a6:000000003e6d7000,,3e6d7837,1,"lui     a6, 0x3e6d7",,
0000000080005474,,fa5:40b28d0000000000,,2b9d97d3,1,"fmax.d  fa5, fs11, fs9",,
0000000080005478,,sp:ffffffff5f7fffff,,e20d0153,1,"fmv.x.d sp, fs10",,
000000008000547c,,ra:ffffffffffffff5e,,001a109b,1,"slliw   ra, s4, 1",,
0000000080005480,,t2:40b28d0000000000,,e20783d3,1,"fmv.x.d t2, fa5",,
0000000080005488,,s5:0000000000000000,,02db4abb,1,"divw    s5, s6, a3",,
000000008000548c,,ft3:c0b28d0000000000,,23ada1d3,1,"fsgnjx.d ft3, fs11, fs10",,
0000000080005490,,ft8:0000000000000000,,023dfe53,1,"fadd.d  ft8, fs11, ft3",,
0000000080005494,,a1:0000000000000000,,40cc55bb,1,"sraw    a1, s8, a2",,
0000000080005498,,a2:ffffffffffffffed,,00009e19,1,"c.subw  a2, a4",,
000000008000549a,,tp:0000000000000000,,0357a233,1,"mulhsu  tp, a5, s5",,
000000008000549e,,s8:0000000000000000,,01827c33,1,"and     s8, tp, s8",,
00000000800054a2,,sp:0000000000000001,,01812133,1,"slt     sp, sp, s8",,
00000000800054a6,,a5:00000000394af237,,418907b3,1,"sub     a5, s2, s8",,
00000000800054aa,,a4:ffffffffffffffff,,0194e733,1,"or      a4, s1, s9",,
00000000800054ae,,a0:fffffffffffffff0,,00035513,1,"srli    a0, t1, 0",,
00000000800054b2,,s5:000000000000128d,,c207fad3,1,"fcvt.w.d s5, fa5",,
00000000800054b6,,fa2:7ff8000000000000,,5a097653,1,"fsqrt.d fa2, fs2",,
0000000080004008,,s8:0000000080006008,,00002c17,3,"auipc   s8, 0x2",,
000000008000400c,,s8:0000000080005f8e,,f86c0c13,3,"addi    s8, s8, -122",,
0000000080004010,,ra:0000000080004014,,000c00e7,3,jalr    s8,,
0000000080005f8e,,a5:00000000800054ba,,341027f3,3,"csrrs   a5, mepc, zero",,
0000000080005f92,,a4:0000000000000002,,34202773,3,"csrrs   a4, mcause, zero",,
0000000080005f96,,a3:0000000000000000,,142026f3,3,"csrrs   a3, scause, zero",,
0000000080005f9a,,a2:0000000000000a00,,30402673,3,"csrrs   a2, mie, zero",,
0000000080005f9e,,a1:0000000000000080,,344025f3,3,"csrrs   a1, mip, zero",,
0000000080005fa2,,a1:00000000747a9473,,343025f3,3,"csrrs   a1, mtval, zero",,
0000000080005fa6,,a0:0000000000000000,,14302573,3,"csrrs   a0, stval, zero",,
0000000080005faa,,s1:00000000000012e6,,b02024f3,3,"csrrs   s1, minstret, zero",,
0000000080005fc2,,a5:00000000800054be,,00000791,3,"c.addi  a5, 4",,
00000000800054be,,s6:00000000000004f9,,00a46b33,1,"or      s6, s0, a0",,
00000000800054c2,,a4:40b28d00000000a1,,0a13e713,1,"ori     a4, t2, 161",,
00000000800054c6,,a7:0000000000000001,,02d178b3,1,"remu    a7, sp, a3",,
00000000800054ca,,fs0:0000000000000000,,02f1f453,1,"fadd.d  fs0, ft3, fa5",,
00000000800054ce,,a2:00000000747a9473,,01a5c633,1,"xor     a2, a1, s10",,
00000000800054d2,,a6:fffffffff406aca5,,4042d833,1,"sra     a6, t0, tp",,
00000000800054d6,,fs4:41effffffe000000,,d2130a53,1,"fcvt.d.wu fs4, t1",,
00000000800054da,,fa4:00000000f066e054,,2ae88753,1,"fmin.d  fa4, fa7, fa4",,
00000000800054de,,a0:7fffffffffffffff,,c22d7553,1,"fcvt.l.d a0, fs10",,
00000000800054e2,,s9:0000000000000000,,a2c80cd3,1,"fle.d   s9, fa6, fa2",,
00000000800054e6,,ft6:0000000000000000,,f20c8353,1,"fmv.d.x ft6, s9",,
00000000800054ea,,a1:0000000000000011,,001025f3,1,"csrrs   a1, fflags, zero",,
00000000800054ee,,t0:80000000000000f5,,f0aec293,1,"xori    t0, t4, -246",,
00000000800054f2,,a7:ffffb96bf7bc5505,,035b88b3,1,"mul     a7, s7, s5",,
00000000800054f6,,s1:00000000000012e6,,0074d4bb,1,"srlw    s1, s1, t2",,
00000000800054fa,,s6:0000000000000000,,02a3eb3b,1,"remw    s6, t2, a0",,
00000000800054fe,,ra:ffffffff80005f8e,,016c10bb,1,"sllw    ra, s8, s6",,
0000000080005502,,t3:0000000000000000,,41f5de1b,1,"sraiw   t3, a1, 31",,
0000000080005506,,s11:0000000000000000,,022b5db3,1,"divu    s11, s6, sp",,
000000008000550e,,fs5:40b28d0000000000,,d23afad3,1,"fcvt.d.lu fs5, s5",,
0000000080005514,,fs7:7ff8000000000000,,1b4c7bd3,1,"fdiv.d  fs7, fs8, fs4",,
0000000080005518,,s10:000000007bf8f000,,7bf8fd37,1,"lui     s10, 0x7bf8f",,
000000008000551c,,a5:000000007bf8eaf7,,af7d079b,1,"addiw   a5, s10, -1289",,
0000000080005522,,s3:000000007bf8eaf7,,00f989bb,1,"addw    s3, s3, a5",,
0000000080005526,,ft3:7ff8000000000000,,bbd271c7,1,"fmsub.d ft3, ft4, ft9, fs7",,
000000008000552a,,fa2:41defe3abdc00000,,d2198653,1,"fcvt.d.wu fa2, s3",,
000000008000552e,,s6:ffffffffffffffff,,c2327b53,1,"fcvt.lu.d s6, ft4",,
0000000080005532,,a2:0000000000000000,,4167563b,1,"sraw    a2, a4, s6",,
0000000080005536,,s2:00000000fe853536,,7e84e917,1,"auipc   s2, 0x7e84e",,
000000008000553a,,t3:0000000000000000,,000d9e3b,1,"sllw    t3, s11, zero",,
0000000080004008,,s8:0000000080006008,,00002c17,3,"auipc   s8, 0x2",,
000000008000400c,,s8:0000000080005f8e,,f86c0c13,3,"addi    s8, s8, -122",,
0000000080004010,,ra:0000000080004014,,000c00e7,3,jalr    s8,,
0000000080005f8e,,a5:000000008000553e,,341027f3,3,"csrrs   a5, mepc, zero",,
0000000080005f92,,a4:0000000000000002,,34202773,3,"csrrs   a4, mcause, zero",,
0000000080005f96,,a3:0000000000000000,,142026f3,3,"csrrs   a3, scause, zero",,
0000000080005f9a,,a2:0000000000000a00,,30402673,3,"csrrs   a2, mie, zero",,
0000000080005f9e,,a1:0000000000000080,,344025f3,3,"csrrs   a1, mip, zero",,
0000000080005fa2,,a1:00000000c0381473,,343025f3,3,"csrrs   a1, mtval, zero",,
0000000080005fa6,,a0:0000000000000000,,14302573,3,"csrrs   a0, stval, zero",,
0000000080005faa,,s1:0000000000001317,,b02024f3,3,"csrrs   s1, minstret, zero",,
0000000080005fc2,,a5:0000000080005542,,00000791,3,"c.addi  a5, 4",,
0000000080005542,,a4:fffffffffe21d000,,fe21d737,1,"lui     a4, 0xfe21d",,
0000000080005546,,a4:fffffffffe21cee1,,ee17071b,1,"addiw   a4, a4, -287",,
000000008000554a,,a4:ffffffe21cee1000,,00000732,1,"c.slli  a4, 12",,
000000008000554c,,a4:ffffffe21cee13bd,,3bd70713,1,"addi    a4, a4, 957",,
0000000080005550,,s3:000000007fffffff,,c20279d3,1,"fcvt.w.d s3, ft4",,
0000000080005554,,ft7:41dfffffffc00000,,d20983d3,1,"fcvt.d.w ft7, s3",,
0000000080005558,,a1:0000000000000001,,010725b3,1,"slt     a1, a4, a6",,
000000008000555c,,ft4:ffffffff7fc00000,,401d7253,1,"fcvt.s.d ft4, fs10",,
0000000080005560,,fs0:ffffffff00000000,,d03cf453,1,"fcvt.s.lu fs0, s9",,
0000000080005564,,s1:0004c5c000000000,,0000149a,1,"c.slli  s1, 38",,
0000000080005566,,fs3:7ff8000000000000,,0b63f9d3,1,"fsub.d  fs3, ft7, fs6",,
000000008000556a,,s3:ffffffffffffffff,,c21279d3,1,"fcvt.wu.d s3, ft4",,
000000008000556e,,a7:0000000000000000,,a24988d3,1,"fle.d   a7, fs3, ft4",,
0000000080005572,,t2:0000000000000000,,013213bb,1,"sllw    t2, tp, s3",,
0000000080005576,,a0:0000000080005f8d,,03883533,1,"mulhu   a0, a6, s8",,
000000008000557a,,a1:0000000000000000,,029b05bb,1,"mulw    a1, s6, s1",,
000000008000557e,,fs2:7ff8000000000000,,92e97943,1,"fmadd.d fs2, fs2, fa4, fs2",,
0000000080005582,,t4:00000000000001ff,,017ede9b,1,"srliw   t4, t4, 23",,
0000000080005586,,ft0:7ff8000000000000,,02037043,1,"fmadd.d ft0, ft6, ft0, ft0",,
000000008000558a,,s6:0000000000000000,,01de5b3b,1,"srlw    s6, t3, t4",,
000000008000558e,,s5:00000000000001ff,,01d88ab3,1,"add     s5, a7, t4",,
0000000080005592,,s4:000000006932d000,,6932da37,1,"lui     s4, 0x6932d",,
0000000080005596,,s1:0000000000000000,,40e4d4bb,1,"sraw    s1, s1, a4",,
000000008000559a,,sp:fffffffff406aca5,,00d8113b,1,"sllw    sp, a6, a3",,
000000008000559e,,s8:0000000000004a08,,018bfc33,1,"and     s8, s7, s8",,
00000000800055a2,,fa7:7ff8000000000000,,6a1cf8c7,1,"fmsub.d fa7, fs9, ft1, fa3",,
00000000800055a6,,a1:0000000000000000,,0022559b,1,"srliw   a1, tp, 2",,
00000000800055aa,,s4:0000000000000000,,03842a33,1,"mulhsu  s4, s0, s8",,
00000000800055ae,,a3:000000007fffffff,,c20076d3,1,"fcvt.w.d a3, ft0",,
00000000800055b2,,s5:ffffffffffffffff,,0295cab3,1,"div     s5, a1, s1",,
00000000800055b6,,s0:1ab2940000000000,,02a81413,1,"slli    s0, a6, 42",,
00000000800055ba,,s2:0000000000000000,,43f95913,1,"srai    s2, s2, 63",,
00000000800055be,,s8:0000000000000000,,0127fc33,1,"and     s8, a5, s2",,
00000000800055c2,,s7:0000000000000000,,40e3dbb3,1,"sra     s7, t2, a4",,
00000000800055c6,,a4:fffffffffffa0356,,4098571b,1,"sraiw   a4, a6, 9",,
00000000800055ca,,t3:ffffffff80005542,,0197de3b,1,"srlw    t3, a5, s9",,
00000000800055ce,,s3:00000000000007ff,,7ff9099b,1,"addiw   s3, s2, 2047",,
00000000800055d2,,fa3:0000000000000000,,420406d3,1,"fcvt.d.s fa3, fs0",,
00000000800055d6,,ft5:409ffc0000000000,,d21982d3,1,"fcvt.d.wu ft5, s3",,
00000000800055da,,a0:0000000200010050,,01c09533,1,"sll     a0, ra, t3",,
00000000800055de,,sp:ffffffffffffffff,,90bae113,1,"ori     sp, s5, -1781",,
00000000800055e2,,s2:fffffffffffffffe,,fffa8913,1,"addi    s2, s5, -1",,
00000000800055e8,,s10:0000000000000000,,41a05d3b,1,"sraw    s10, zero, s10",,
00000000800055ec,,ft2:ffffffff00000000,,4016f153,1,"fcvt.s.d ft2, fa3",,
00000000800055f0,,ft4:ffffffff7fc00000,,401bf253,1,"fcvt.s.d ft4, fs7",,
00000000800055f6,,sp:0000000000000000,,00202173,1,"csrrs   sp, frm, zero",,
00000000800055fa,,t4:fffffffff406aca5,,fff87e93,1,"andi    t4, a6, -1",,
00000000800055fe,,ra:ffffffffe80d594a,,010800b3,1,"add     ra, a6, a6",,
0000000080005602,,fa4:7ff8000000000000,,2b208753,1,"fmin.d  fa4, ft1, fs2",,
0000000080005606,,ft1:ffffffff5f000000,,d032f0d3,1,"fcvt.s.lu ft1, t0",,
000000008000560a,,fs9:ffffffff7fc00000,,4018fcd3,1,"fcvt.s.d fs9, fa7",,
000000008000560e,,ft6:7ff8000000000000,,5bd8f34b,1,"fnmsub.d ft6, fa7, ft9, fa1",,
0000000080005612,,tp:ffffffffffffffff,,c21cf253,1,"fcvt.wu.d tp, fs9",,
0000000080005616,,s5:0000000000000000,,a3788ad3,1,"fle.d   s5, fa7, fs7",,
000000008000561a,,s4:0000000000000011,,001e1a73,1,"csrrw   s4, fflags, t3",,
000000008000561e,,s5:0000000000000000,,01607ab3,1,"and     s5, zero, s6",,
0000000080005622,,s2:000000007406f9e7,,010e4933,1,"xor     s2, t3, a6",,
0000000080005626,,s5:0000000000000000,,41505ab3,1,"sra     s5, zero, s5",,
000000008000562a,,s10:0000000000000000,,405d5d33,1,"sra     s10, s10, t0",,
000000008000562e,,t1:ffffffffffffffff,,c21c7353,1,"fcvt.wu.d t1, fs8",,
0000000080005632,,s2:000000000bf954a5,,80084913,1,"xori    s2, a6, -2048",,
0000000080005636,,s7:0000000000000000,,017d4bb3,1,"xor     s7, s10, s7",,
000000008000563a,,t1:0000000000000000,,00202373,1,"csrrs   t1, frm, zero",,
000000008000563e,,fa6:7ff8000000000000,,5a0ff853,1,"fsqrt.d fa6, ft11",,
0000000080005642,,a5:fffffffffffe0001,,40ee579b,1,"sraiw   a5, t3, 14",,
0000000080005646,,fs9:7ff8000000000000,,ca9ffcc3,1,"fmadd.d fs9, ft11, fs1, fs9",,
000000008000564e,,fs5:3ff0000000000000,,1aa57ad3,1,"fdiv.d  fs5, fa0, fa0",,
0000000080005652,,ft5:7ff8000000000000,,7ad072c3,1,"fmadd.d ft5, ft0, fa3, fa5",,
0000000080005656,,fa3:7ff8000000000000,,5a0976d3,1,"fsqrt.d fa3, fs2",,
0000000080004008,,s8:0000000080006008,,00002c17,3,"auipc   s8, 0x2",,
000000008000400c,,s8:0000000080005f8e,,f86c0c13,3,"addi    s8, s8, -122",,
0000000080004010,,ra:0000000080004014,,000c00e7,3,jalr    s8,,
0000000080005f8e,,a5:000000008000565a,,341027f3,3,"csrrs   a5, mepc, zero",,
0000000080005f92,,a4:0000000000000002,,34202773,3,"csrrs   a4, mcause, zero",,
0000000080005f96,,a3:0000000000000000,,142026f3,3,"csrrs   a3, scause, zero",,
0000000080005f9a,,a2:0000000000000a00,,30402673,3,"csrrs   a2, mie, zero",,
0000000080005f9e,,a1:0000000000000080,,344025f3,3,"csrrs   a1, mip, zero",,
0000000080005fa2,,a1:00000000f1105973,,343025f3,3,"csrrs   a1, mtval, zero",,
0000000080005fa6,,a0:0000000000000000,,14302573,3,"csrrs   a0, stval, zero",,
0000000080005faa,,s1:000000000000136f,,b02024f3,3,"csrrs   s1, minstret, zero",,
0000000080005fc2,,a5:000000008000565e,,00000791,3,"c.addi  a5, 4",,
000000008000565e,,s10:220b2e6000000000,,01259d33,1,"sll     s10, a1, s2",,
0000000080005662,,t0:0000000000000000,,40dd82bb,1,"subw    t0, s11, a3",,
0000000080005666,,a0:7ff8000000000000,,e2028553,1,"fmv.x.d a0, ft5",,
000000008000566a,,ft1:0000000000000000,,d20280d3,1,"fcvt.d.w ft1, t0",,
000000008000566e,,t1:0000000000000000,,40e6d33b,1,"sraw    t1, a3, a4",,
0000000080005672,,s5:0000000000000272,,2728ca93,1,"xori    s5, a7, 626",,
0000000080005676,,a4:0000000000000000,,02d6a733,1,"mulhsu  a4, a3, a3",,
000000008000567a,,s7:0000000000000000,,03829bb3,1,"mulh    s7, t0, s8",,
000000008000567e,,s6:0000000000000000,,00000b06,1,"c.slli  s6, 1",,
0000000080005680,,a5:0000000000000000,,403b57bb,1,"sraw    a5, s6, gp",,
0000000080005684,,s0:0000000000000000,,03fd9413,1,"slli    s0, s11, 63",,
0000000080005688,,ft0:0000000000000000,,d227f053,1,"fcvt.d.l ft0, a5",,
000000008000568c,,t3:ffffffff80004014,,00009e1b,1,"slliw   t3, ra, 0",,
0000000080005690,,a2:0000000000000012,,00161673,1,"csrrw   a2, fflags, a2",,
0000000080005694,,fs3:43c1059730000000,,d23d79d3,1,"fcvt.d.lu fs3, s10",,
0000000080005698,,fs9:7ff8000000000000,,c33cfcc3,1,"fmadd.d fs9, fs9, fs3, fs8",,
00000000800056a0,,s5:0000000000000000,,03d36ab3,1,"rem     s5, t1, t4",,
00000000800056a4,,a4:fffffffff406aca5,,406ed73b,1,"sraw    a4, t4, t1",,
00000000800056a8,,t1:fffffffff406aca5,,0267733b,1,"remuw   t1, a4, t1",,
00000000800056ae,,gp:fffffffff406b086,,3e170193,1,"addi    gp, a4, 993",,
00000000800056b6,,t1:fffffffffffffca5,,00696333,1,"or      t1, s2, t1",,
00000000800056ba,,s1:0000000022ac16ba,,a2abc497,1,"auipc   s1, 0xa2abc",,
00000000800056be,,s9:0000000000000000,,4063dc9b,1,"sraiw   s9, t2, 6",,
00000000800056c4,,t2:0000000000000000,,c23e73d3,1,"fcvt.lu.d t2, ft8",,
00000000800056c8,,ra:0000000000000000,,02a790b3,1,"mulh    ra, a5, a0",,
00000000800056cc,,gp:0000000000000000,,01f0119b,1,"slliw   gp, zero, 31",,
00000000800056d0,,t3:0000000000000000,,00009e13,1,"slli    t3, ra, 0",,
00000000800056d4,,ft11:0000000000000000,,d23e7fd3,1,"fcvt.d.lu ft11, t3",,
00000000800056d8,,s2:0000000000000000,,023b3933,1,"mulhu   s2, s6, gp",,
00000000800056dc,,t3:0000000000000000,,4162de3b,1,"sraw    t3, t0, s6",,
00000000800056e0,,a1:0000000000000000,,0070d5bb,1,"srlw    a1, ra, t2",,
00000000800056e8,,gp:000000000000bf1c,,001c119b,1,"slliw   gp, s8, 1",,
00000000800056ec,,t4:3ffffffffd01ab29,,002ede93,1,"srli    t4, t4, 2",,
00000000800056f0,,fs2:7ff8000000000000,,b2f7f947,1,"fmsub.d fs2, fa5, fa5, fs6",,
00000000800056f4,,a0:ffffffffffffffff,,c037f553,1,"fcvt.lu.s a0, fa5",,
00000000800056f8,,ft7:ffffffff00000000,,d023f3d3,1,"fcvt.s.l ft7, t2",,
00000000800056fc,,s6:000000000000035b,,40658b3b,1,"subw    s6, a1, t1",,
0000000080005700,,a5:0000000000000010,,001317f3,1,"csrrw   a5, fflags, t1",,
0000000080005704,,ft0:0000000000000000,,f2068053,1,"fmv.d.x ft0, a3",,
0000000080005708,,gp:0000000000000000,,40f7d1b3,1,"sra     gp, a5, a5",,
000000008000570c,,ft5:7ff8000000000000,,f202f2c7,1,"fmsub.d ft5, ft5, ft0, ft10",,
0000000080005710,,a0:0000000000000000,,01b1f533,1,"and     a0, gp, s11",,
0000000080005714,,sp:0000000000000000,,003d9113,1,"slli    sp, s11, 3",,
0000000080005718,,s10:00000000000007ff,,7ff7ed13,1,"ori     s10, a5, 2047",,
000000008000571c,,a4:0000000000000001,,00008b05,1,"c.andi  a4, 1",,
000000008000571e,,a7:0000000000000000,,002118f3,1,"csrrw   a7, frm, sp",,
0000000080005722,,t1:ffffffffefbd7000,,efbd7337,1,"lui     t1, 0xefbd7",,
0000000080005726,,fs5:7ff8000000000000,,1ba1fad3,1,"fdiv.d  fs5, ft3, fs10",,
000000008000572a,,a0:ffffffffefbd7000,,0065053b,1,"addw    a0, a0, t1",,
000000008000572e,,a1:00000000000007b4,,7b45c593,1,"xori    a1, a1, 1972",,
0000000080005732,,t0:0000000000000012,,003652bb,1,"srlw    t0, a2, gp",,
0000000080005736,,sp:fffffffffffff92b,,91960113,1,"addi    sp, a2, -1767",,
000000008000573a,,s6:ffffffffffffffff,,c03afb53,1,"fcvt.lu.s s6, fs5",,
000000008000573e,,t3:0000000000000000,,416e5e33,1,"sra     t3, t3, s6",,
0000000080005742,,s4:0000000000000001,,0188aa33,1,"slt     s4, a7, s8",,
0000000080005746,,ft0:7ff8000000000000,,22630053,1,"fsgnj.d ft0, ft6, ft6",,
000000008000574a,,fa3:41efffffffe00000,,d21b06d3,1,"fcvt.d.wu fa3, s6",,
000000008000574e,,s1:0000000022ac16aa,,00009c9d,1,"c.subw  s1, a5",,
0000000080005750,,sp:00000000000007ff,,0139013b,1,"addw    sp, s2, s3",,
0000000080004008,,s8:0000000080006008,,00002c17,3,"auipc   s8, 0x2",,
000000008000400c,,s8:0000000080005f8e,,f86c0c13,3,"addi    s8, s8, -122",,
0000000080004010,,ra:0000000080004014,,000c00e7,3,jalr    s8,,
0000000080005f8e,,a5:0000000080005754,,341027f3,3,"csrrs   a5, mepc, zero",,
0000000080005f92,,a4:0000000000000002,,34202773,3,"csrrs   a4, mcause, zero",,
0000000080005f96,,a3:0000000000000000,,142026f3,3,"csrrs   a3, scause, zero",,
0000000080005f9a,,a2:0000000000000a00,,30402673,3,"csrrs   a2, mie, zero",,
0000000080005f9e,,a1:0000000000000080,,344025f3,3,"csrrs   a1, mip, zero",,
0000000080005fa2,,a1:00000000c00fd473,,343025f3,3,"csrrs   a1, mtval, zero",,
0000000080005fa6,,a0:0000000000000000,,14302573,3,"csrrs   a0, stval, zero",,
0000000080005faa,,s1:00000000000013bf,,b02024f3,3,"csrrs   s1, minstret, zero",,
0000000080005fc2,,a5:0000000080005758,,00000791,3,"c.addi  a5, 4",,
0000000080005758,,t0:0000000000000000,,02c2d293,1,"srli    t0, t0, 44",,
000000008000575c,,a7:7fffffffffffffff,,c02378d3,1,"fcvt.l.s a7, ft6",,
0000000080005760,,s2:0000000000000000,,00000956,1,"c.slli  s2, 21",,
0000000080005762,,a1:0000000000000015,,001025f3,1,"csrrs   a1, fflags, zero",,
0000000080005766,,a6:0000000000000000,,400cd833,1,"sra     a6, s9, zero",,
000000008000576a,,t2:0000000000000000,,410853b3,1,"sra     t2, a6, a6",,
000000008000576e,,t3:0000000000000655,,65620e1b,1,"addiw   t3, tp, 1622",,
0000000080005772,,a7:7fffffffffffffff,,0118e8b3,1,"or      a7, a7, a7",,
0000000080005776,,s8:0000000000000001,,0116ac33,1,"slt     s8, a3, a7",,
000000008000577a,,a7:ffffffffffffffff,,41f8d89b,1,"sraiw   a7, a7, 31",,
000000008000577e,,fa7:7ff8000000000000,,5a0078d3,1,"fsqrt.d fa7, ft0",,
0000000080005782,,s4:00000000000007fe,,01198a3b,1,"addw    s4, s3, a7",,
0000000080005786,,sp:00000000000007fd,,40e1013b,1,"subw    sp, sp, a4",,
000000008000578a,,fs5:8000000000000000,,2220aad3,1,"fsgnjx.d fs5, ft1, ft2",,
000000008000578e,,s1:0000000000000000,,0041d49b,1,"srliw   s1, gp, 4",,
0000000080005796,,s8:0000000000000000,,009ddc33,1,"srl     s8, s11, s1",,
000000008000579a,,s4:0000000000000015,,00129a73,1,"csrrw   s4, fflags, t0",,
000000008000579e,,a4:7fffffffffffffff,,c025f753,1,"fcvt.l.s a4, fa1",,
00000000800057a2,,s8:3ffffffffd01ab29,,019edc33,1,"srl     s8, t4, s9",,
00000000800057a6,,s5:0000000026c10000,,26c10ab7,1,"lui     s5, 0x26c10",,
00000000800057aa,,a3:ffffffff80005758,,00009ebd,1,"c.addw  a3, a5",,
00000000800057ac,,ft11:7ff8000000000000,,1a14ffd3,1,"fdiv.d  ft11, fs1, ft1",,
00000000800057b0,,t0:0c30c30c2ffcd492,,02b352b3,1,"divu    t0, t1, a1",,
00000000800057b4,,gp:0000000000000010,,001021f3,1,"csrrs   gp, fflags, zero",,
00000000800057b8,,fa1:4030000000000000,,d20185d3,1,"fcvt.d.w fa1, gp",,
00000000800057bc,,fa6:7ff8000000000000,,83807843,1,"fmadd.d fa6, ft0, fs8, fa6",,
00000000800057c2,,a5:0000000000000414,,241e4793,1,"xori    a5, t3, 577",,
00000000800057c6,,a7:0000000000000001,,411d88bb,1,"subw    a7, s11, a7",,
00000000800057ca,,a4:3ffffffffd01b2ec,,7c3e8713,1,"addi    a4, t4, 1987",,
00000000800057ce,,s11:0000000000000000,,02d6edb3,1,"rem     s11, a3, a3",,
00000000800057d2,,s1:0000000000000000,,8005f493,1,"andi    s1, a1, -2048",,
00000000800057d6,,a3:0000000057f567d6,,d7f51697,1,"auipc   a3, 0xd7f51",,
00000000800057da,,s10:ffffffffffffffff,,02d22d33,1,"mulhsu  s10, tp, a3",,
00000000800057de,,fs2:7ff8000000000000,,02017953,1,"fadd.d  fs2, ft2, ft0",,
00000000800057e2,,a6:0000000000000010,,c215f853,1,"fcvt.wu.d a6, fa1",,
00000000800057e6,,fs8:7ff8000000000000,,1b0c7c53,1,"fdiv.d  fs8, fs8, fa6",,
00000000800057ea,,t2:0000000000000000,,a32a03d3,1,"fle.d   t2, fs4, fs2",,
00000000800057ee,,ft0:41efffffffe00000,,d21d0053,1,"fcvt.d.wu ft0, s10",,
00000000800057f2,,a1:ffffffff80004014,,007085bb,1,"addw    a1, ra, t2",,
00000000800057f6,,s3:0000000000000000,,017bd9b3,1,"srl     s3, s7, s7",,
00000000800057fa,,tp:ffffffffe831f000,,e831f237,1,"lui     tp, 0xe831f",,
00000000800057fe,,s4:000000002ac88000,,2ac88a37,1,"lui     s4, 0x2ac88",,
0000000080005802,,t2:0000000000000000,,0243c3bb,1,"divw    t2, t2, tp",,
0000000080005806,,fs0:0000000000000000,,d22bf453,1,"fcvt.d.l fs0, s7",,
000000008000580a,,s10:0000000000000a00,,40065d1b,1,"sraiw   s10, a2, 0",,
000000008000580e,,fs6:ffffffff45200000,,d02d7b53,1,"fcvt.s.l fs6, s10",,
0000000080005812,,sp:0000000000000010,,00139173,1,"csrrw   sp, fflags, t2",,
0000000080005816,,t4:ffffffffffd6f000,,ffd6feb7,1,"lui     t4, 0xffd6f",,
000000008000581a,,t4:ffffffffffd6f67f,,67fe8e9b,1,"addiw   t4, t4, 1663",,
000000008000581e,,t4:ffffffeb7b3f8000,,00000ebe,1,"c.slli  t4, 15",,
0000000080005820,,t4:ffffffeb7b3f8752,,752e8e93,1,"addi    t4, t4, 1874",,
0000000080005824,,s0:ffffffffffffffff,,0327d433,1,"divu    s0, a5, s2",,
0000000080005828,,a1:0000000000000000,,4141d593,1,"srai    a1, gp, 20",,
000000008000582c,,a0:0000000000000000,,01f1151b,1,"slliw   a0, sp, 31",,
0000000080005830,,s9:0000000000000908,,f08d0c93,1,"addi    s9, s10, -248",,
0000000080005834,,s8:0000000000000000,,00102c73,1,"csrrs   s8, fflags, zero",,
0000000080005838,,t3:000000007fffffff,,c206fe53,1,"fcvt.w.d t3, fa3",,
000000008000583c,,fa4:ffffffff45200000,,d0367753,1,"fcvt.s.lu fa4, a2",,
0000000080005840,,s2:000000001be51000,,1be51937,1,"lui     s2, 0x1be51",,
0000000080005844,,fa2:7ff8000000000000,,2ac4f647,1,"fmsub.d fa2, fs1, fa2, ft5",,
0000000080005848,,s10:0000000000000000,,02dd2d33,1,"mulhsu  s10, s10, a3",,
000000008000584c,,ft1:7ff8000000000000,,72ec70cf,1,"fnmadd.d ft1, fs8, fa4, fa4",,
0000000080005850,,s8:0030ac102a834000,,02e30c33,1,"mul     s8, t1, a4",,
0000000080005854,,ra:ffffffffffefbd70,,419350b3,1,"sra     ra, t1, s9",,
0000000080005858,,ft0:7ff8000000000000,,c280704b,1,"fnmsub.d ft0, ft0, fs0, fs8",,
000000008000585c,,sp:0000000000000000,,4015513b,1,"sraw    sp, a0, ra",,
0000000080005860,,a6:000000002ac88000,,018a1833,1,"sll     a6, s4, s8",,
0000000080005866,,gp:000000007fffffff,,c20c71d3,1,"fcvt.w.d gp, fs8",,
000000008000586c,,ft3:ffffffffd1a42604,,d02ef1d3,1,"fcvt.s.l ft3, t4",,
0000000080005870,,s11:000000007fffffff,,01019db3,1,"sll     s11, gp, a6",,
0000000080005874,,t0:0000000000000000,,01b292b3,1,"sll     t0, t0, s11",,
0000000080005878,,a7:ffffffffffffffff,,c21178d3,1,"fcvt.wu.d a7, ft2",,
000000008000587c,,gp:ffffffffffffffff,,00fb61b3,1,"or      gp, s6, a5",,
0000000080005880,,a4:000000007fffffff,,c2037753,1,"fcvt.w.d a4, ft6",,
0000000080005884,,s4:000000006865f884,,e865aa17,1,"auipc   s4, 0xe865a",,
0000000080005888,,s0:000000002ac87dd1,,dd180413,1,"addi    s0, a6, -559",,
000000008000588c,,ft5:ffffffff7fc00000,,401072d3,1,"fcvt.s.d ft5, ft0",,
0000000080005890,,tp:ffffffffffffffff,,c03f7253,1,"fcvt.lu.s tp, ft10",,
0000000080005894,,s11:0000000000000000,,4103ddbb,1,"sraw    s11, t2, a6",,
000000008000589a,,s10:0000000000000000,,00009d16,1,"c.add   s10, t0",,
00000000800058a0,,a6:0000000000000002,,03d2583b,1,"divuw   a6, tp, t4",,
00000000800058a4,,s4:0000000000000000,,0308ca33,1,"div     s4, a7, a6",,
00000000800058a8,,t2:0000000000000000,,002813f3,1,"csrrw   t2, frm, a6",,
00000000800058ac,,gp:0000000000000011,,001191f3,1,"csrrw   gp, fflags, gp",,
00000000800058b0,,s7:0000000000000000,,03439bb3,1,"mulh    s7, t2, s4",,
0000000080004008,,s8:0000000080006008,,00002c17,3,"auipc   s8, 0x2",,
000000008000400c,,s8:0000000080005f8e,,f86c0c13,3,"addi    s8, s8, -122",,
0000000080004010,,ra:0000000080004014,,000c00e7,3,jalr    s8,,
0000000080005f8e,,a5:00000000800058b4,,341027f3,3,"csrrs   a5, mepc, zero",,
0000000080005f92,,a4:0000000000000002,,34202773,3,"csrrs   a4, mcause, zero",,
0000000080005f96,,a3:0000000000000000,,142026f3,3,"csrrs   a3, scause, zero",,
0000000080005f9a,,a2:0000000000000a00,,30402673,3,"csrrs   a2, mie, zero",,
0000000080005f9e,,a1:0000000000000080,,344025f3,3,"csrrs   a1, mip, zero",,
0000000080005fa2,,a1:00000000306922f3,,343025f3,3,"csrrs   a1, mtval, zero",,
0000000080005fa6,,a0:0000000000000000,,14302573,3,"csrrs   a0, stval, zero",,
0000000080005faa,,s1:000000000000142a,,b02024f3,3,"csrrs   s1, minstret, zero",,
0000000080005fc2,,a5:00000000800058b8,,00000791,3,"c.addi  a5, 4",,
00000000800058b8,,fa2:7ff8000000000000,,2a0b8653,1,"fmin.d  fa2, fs7, ft0",,
00000000800058bc,,fs2:7ff8000000000000,,1b2bf953,1,"fdiv.d  fs2, fs7, fs2",,
00000000800058c0,,a7:0000000000000000,,009558b3,1,"srl     a7, a0, s1",,
00000000800058c4,,s5:ffffffffffffffff,,c03c7ad3,1,"fcvt.lu.s s5, fs8",,
00000000800058c8,,tp:000000009e72c8c8,,1e727217,1,"auipc   tp, 0x1e727",,
00000000800058cc,,s1:0008028000000000,,02509493,1,"slli    s1, ra, 37",,
00000000800058d0,,fs6:0000000000000000,,23ae1b53,1,"fsgnjn.d fs6, ft8, fs10",,
00000000800058d4,,gp:00000000306922f3,,41a581bb,1,"subw    gp, a1, s10",,
00000000800058d8,,ft10:ffffffff4e41a48b,,d021ff53,1,"fcvt.s.l ft10, gp",,
00000000800058dc,,t1:ffffffffffffffff,,c23f7353,1,"fcvt.lu.d t1, ft10",,
00000000800058e0,,sp:ffffffffd5378c2f,,4086013b,1,"subw    sp, a2, s0",,
00000000800058e4,,fs0:7ff8000000000000,,1a48f453,1,"fdiv.d  fs0, fa7, ft4",,
00000000800058e8,,fs2:fff8000000000000,,23532953,1,"fsgnjx.d fs2, ft6, fs5",,
00000000800058ec,,fs3:7ff8000000000000,,3289f9cb,1,"fnmsub.d fs3, fs3, fs0, ft6",,
00000000800058f0,,t4:ffffffffffffffff,,430ede93,1,"srai    t4, t4, 48",,
00000000800058f4,,sp:ffffffff9be4b072,,41890133,1,"sub     sp, s2, s8",,
00000000800058f8,,fs7:ffffffff7fc00000,,40197bd3,1,"fcvt.s.d fs7, fs2",,
00000000800058fc,,t4:0000000080004014,,0240feb3,1,"remu    t4, ra, tp",,
0000000080005900,,fa0:ffffffff4f000058,,d027f553,1,"fcvt.s.l fa0, a5",,
0000000080005904,,t3:ffffffffffffffff,,c219fe53,1,"fcvt.wu.d t3, fs3",,
0000000080005908,,s2:000000000000001f,,001e1973,1,"csrrw   s2, fflags, t3",,
000000008000590c,,s3:00000000c966490c,,4965f997,1,"auipc   s3, 0x4965f",,
0000000080005910,,a5:0000000000000000,,005937b3,1,"sltu    a5, s2, t0",,
0000000080005914,,s11:0000000000000000,,03f7dd93,1,"srli    s11, a5, 63",,
0000000080005918,,a6:0000000000000000,,a33c8853,1,"fle.d   a6, fs9, fs3",,
000000008000591c,,t0:0000000000000000,,005482bb,1,"addw    t0, s1, t0",,
0000000080005920,,ft9:7ff8000000000000,,0a2ffecf,1,"fnmadd.d ft9, ft11, ft2, ft1",,
0000000080005924,,ft2:ffffffff45108000,,d02cf153,1,"fcvt.s.l ft2, s9",,
0000000080005928,,s1:ffffffffe0000000,,01da949b,1,"slliw   s1, s5, 29",,
000000008000592c,,a3:7fffffffffffffff,,c22f76d3,1,"fcvt.l.d a3, ft10",,
0000000080005930,,t3:000000000000001f,,00111e73,1,"csrrw   t3, fflags, sp",,
0000000080005934,,fa5:403f000000000000,,d20e07d3,1,"fcvt.d.w fa5, t3",,
0000000080005938,,s7:fffffffffffc9664,,4139dbbb,1,"sraw    s7, s3, s3",,
000000008000593c,,ft4:ffffffff9be4b072,,f2010253,1,"fmv.d.x ft4, sp",,
0000000080005940,,s1:ffffffff9be4b5f6,,5e416493,1,"ori     s1, sp, 1508",,
0000000080005944,,t1:fffffffffffff600,,02d60333,1,"mul     t1, a2, a3",,
0000000080005948,,s1:000000004ddab000,,4ddab4b7,1,"lui     s1, 0x4ddab",,
000000008000594c,,a2:0000000000000001,,0013e613,1,"ori     a2, t2, 1",,
0000000080005950,,gp:0000000000000000,,01fc119b,1,"slliw   gp, s8, 31",,
0000000080005954,,t0:0000000000000000,,018192bb,1,"sllw    t0, gp, s8",,
0000000080005958,,s8:fffffffffffff814,,8000ec13,1,"ori     s8, ra, -2048",,
000000008000595c,,ft8:7ff8000000000000,,f2be7e4f,1,"fnmadd.d ft8, ft8, fa1, ft10",,
0000000080005960,,ra:0000000000000000,,01e8109b,1,"slliw   ra, a6, 30",,
0000000080005964,,fa1:3ff0000000000000,,1ad6f5d3,1,"fdiv.d  fa1, fa3, fa3",,
0000000080005968,,a4:ffffffffffffffff,,c21bf753,1,"fcvt.wu.d a4, fs7",,
0000000080005970,,ra:0000000000000000,,414280b3,1,"sub     ra, t0, s4",,
0000000080005978,,s3:0000000000000050,,15517993,1,"andi    s3, sp, 341",,
000000008000597c,,a1:0000000000000000,,415a85b3,1,"sub     a1, s5, s5",,
0000000080005980,,fs2:41e0000b00000000,,42050953,1,"fcvt.d.s fs2, fa0",,
0000000080005984,,t1:0000000000000012,,00169373,1,"csrrw   t1, fflags, a3",,
0000000080004008,,s8:0000000080006008,,00002c17,3,"auipc   s8, 0x2",,
000000008000400c,,s8:0000000080005f8e,,f86c0c13,3,"addi    s8, s8, -122",,
0000000080004010,,ra:0000000080004014,,000c00e7,3,jalr    s8,,
0000000080005f8e,,a5:0000000080005988,,341027f3,3,"csrrs   a5, mepc, zero",,
0000000080005f92,,a4:0000000000000002,,34202773,3,"csrrs   a4, mcause, zero",,
0000000080005f96,,a3:0000000000000000,,142026f3,3,"csrrs   a3, scause, zero",,
0000000080005f9a,,a2:0000000000000a00,,30402673,3,"csrrs   a2, mie, zero",,
0000000080005f9e,,a1:0000000000000080,,344025f3,3,"csrrs   a1, mip, zero",,
0000000080005fa2,,a1:00000000c01bbc73,,343025f3,3,"csrrs   a1, mtval, zero",,
0000000080005fa6,,a0:0000000000000000,,14302573,3,"csrrs   a0, stval, zero",,
0000000080005faa,,s1:000000000000146e,,b02024f3,3,"csrrs   s1, minstret, zero",,
0000000080005fc2,,a5:000000008000598c,,00000791,3,"c.addi  a5, 4",,
000000008000598c,,t2:ffffffffffffffff,,412b53bb,1,"sraw    t2, s6, s2",,
0000000080005990,,a5:0000000000000000,,02c4d793,1,"srli    a5, s1, 44",,
0000000080005994,,tp:0000000000000000,,03982233,1,"mulhsu  tp, a6, s9",,
0000000080005998,,a7:0000000000000908,,010cd8bb,1,"srlw    a7, s9, a6",,
000000008000599c,,sp:0000000000000000,,03585113,1,"srli    sp, a6, 53",,
00000000800059a0,,s4:ffffffffcfa57000,,cfa57a37,1,"lui     s4, 0xcfa57",,
00000000800059a6,,fs6:7fffffff7fc00000,,22529b53,1,"fsgnjn.d fs6, ft5, ft5",,
00000000800059aa,,fa6:0000000000000000,,f2050853,1,"fmv.d.x fa6, a0",,
00000000800059ae,,t2:0000000000000000,,03a333b3,1,"mulhu   t2, t1, s10",,
00000000800059b2,,t4:0000000000000000,,00eeaeb3,1,"slt     t4, t4, a4",,
00000000800059b6,,a0:0000000000000000,,033e553b,1,"divuw   a0, t3, s3",,
00000000800059ba,,s4:41e0000b00000000,,e2090a53,1,"fmv.x.d s4, fs2",,
00000000800059be,,ft9:ffffffff00000000,,d033fed3,1,"fcvt.s.lu ft9, t2",,
00000000800059c2,,fs8:7ff8000000000000,,f3d07c43,1,"fmadd.d fs8, ft0, ft9, ft10",,
00000000800059c6,,s9:0000000000000000,,01fc9c9b,1,"slliw   s9, s9, 31",,
00000000800059ca,,s0:0000000000000000,,02342433,1,"mulhsu  s0, s0, gp",,
00000000800059ce,,s11:0000000000000000,,43f4dd93,1,"srai    s11, s1, 63",,
00000000800059d2,,s8:0000000000000000,,322cfc13,1,"andi    s8, s9, 802",,
00000000800059d6,,gp:0000000000000050,,410981bb,1,"subw    gp, s3, a6",,
00000000800059da,,ft7:0000000000000000,,d21803d3,1,"fcvt.d.wu ft7, a6",,
00000000800059de,,a5:0000000000000000,,0031c7b3,1,"xor     a5, gp, gp",,
00000000800059e2,,fs11:7ff8000000000000,,2b9c8dd3,1,"fmin.d  fs11, fs9, fs9",,
00000000800059e6,,s5:00000000c01bbc73,,02f5eab3,1,"rem     s5, a1, a5",,
00000000800059ea,,fs5:0000000000000000,,d2357ad3,1,"fcvt.d.lu fs5, a0",,
00000000800059f2,,ft11:7ff8000000000000,,0bf3ffcb,1,"fnmsub.d ft11, ft7, ft11, ft1",,
00000000800059fa,,a7:0000000000000000,,031cc8b3,1,"div     a7, s9, a7",,
0000000080005a02,,s6:ffffffffffffffff,,0206cb3b,1,"divw    s6, a3, zero",,
0000000080005a06,,s9:0000000000000001,,036b5cb3,1,"divu    s9, s6, s6",,
0000000080005a0a,,t2:ffffffff80003ff5,,412083bb,1,"subw    t2, ra, s2",,
0000000080005a0e,,ra:000000007fffffff,,c20ff0d3,1,"fcvt.w.d ra, ft11",,
0000000080005a12,,a4:00000000000007ff,,7ff76713,1,"ori     a4, a4, 2047",,
0000000080005a16,,ft7:409ffc0000000000,,d23773d3,1,"fcvt.d.lu ft7, a4",,
0000000080005a1a,,a4:0000000000000000,,41fe571b,1,"sraiw   a4, t3, 31",,
0000000080005a1e,,s1:00000000fad60a1e,,7ad5b497,1,"auipc   s1, 0x7ad5b",,
0000000080005a22,,s9:0000000000000000,,02111cb3,1,"mulh    s9, sp, ra",,
0000000080005a26,,fs7:7ff8000000000000,,0b75fbd3,1,"fsub.d  fs7, fa1, fs7",,
0000000080005a2a,,t0:ffffffffc01bbc73,,0305e2bb,1,"remw    t0, a1, a6",,
0000000080005a2e,,t1:0000000000000000,,02637333,1,"remu    t1, t1, t1",,
0000000080005a32,,s8:0000000000000050,,01899c33,1,"sll     s8, s3, s8",,
0000000080005a36,,s10:fff8000000000000,,00b09d33,1,"sll     s10, ra, a1",,
0000000080005a3a,,sp:000000004c23da3a,,cc238117,1,"auipc   sp, 0xcc238",,
0000000080005a3e,,t2:0000000000000050,,003a03bb,1,"addw    t2, s4, gp",,
0000000080005a42,,ft11:7ff8000000000000,,129bffd3,1,"fmul.d  ft11, fs7, fs1",,
0000000080005a46,,fa2:000000000000001f,,f20e0653,1,"fmv.d.x fa2, t3",,
0000000080005a4a,,ra:fffffffffad60bdb,,1bd4809b,1,"addiw   ra, s1, 445",,
0000000080005a4e,,a6:0000000000000000,,03d3883b,1,"mulw    a6, t2, t4",,
0000000080005a52,,s4:ffffffffffffffff,,0287ca3b,1,"divw    s4, a5, s0",,
0000000080005a56,,fs2:41efffffffe00000,,22369953,1,"fsgnjn.d fs2, fa3, ft3",,
0000000080005a5a,,s9:0000000000000001,,000a2cb3,1,"slt     s9, s4, zero",,
0000000080005a5e,,fs5:41efffffffe00000,,2bc90ad3,1,"fmin.d  fs5, fs2, ft8",,
0000000080005a62,,t1:0000000000000000,,c03ef353,1,"fcvt.lu.s t1, ft9",,
0000000080005a66,,tp:0000000000000001,,00124213,1,"xori    tp, tp, 1",,
0000000080005a6a,,t2:0000000000000000,,012413bb,1,"sllw    t2, s0, s2",,
0000000080005a6e,,s7:0000000000000000,,02438bbb,1,"mulw    s7, t2, tp",,
0000000080005a72,,t1:0000000000000000,,41255333,1,"sra     t1, a0, s2",,
0000000080005a76,,tp:0000000000000000,,00627233,1,"and     tp, tp, t1",,
0000000080005a7a,,fs11:0000000000000000,,1b587dd3,1,"fdiv.d  fs11, fa6, fs5",,
0000000080005a7e,,s10:000000000000001f,,01220d3b,1,"addw    s10, tp, s2",,
0000000080005a82,,a3:00000000000000db,,0db6e693,1,"ori     a3, a3, 219",,
0000000080005a86,,s2:0000000000000000,,038c7933,1,"remu    s2, s8, s8",,
0000000080005a8a,,a0:0000000000000314,,3148e513,1,"ori     a0, a7, 788",,
0000000080005a8e,,s0:0000000000000001,,a3bd8453,1,"fle.d   s0, fs11, fs11",,
0000000080005a92,,s3:0000000000000000,,407059bb,1,"sraw    s3, zero, t2",,
0000000080005a96,,s7:00000000000006e3,,6e346b93,1,"ori     s7, s0, 1763",,
0000000080005a9a,,fs3:7ff8000000000000,,420089d3,1,"fcvt.d.s fs3, ft1",,
0000000080005a9e,,sp:000000000000046c,,0371613b,1,"remw    sp, sp, s7",,
0000000080005aa2,,a2:0000000000a00000,,0026163b,1,"sllw    a2, a2, sp",,
0000000080005aa6,,t2:0000000000000001,,02c653b3,1,"divu    t2, a2, a2",,
0000000080005aaa,,s2:0000000000000000,,0031d933,1,"srl     s2, gp, gp",,
0000000080005aae,,s10:0000000000000000,,01f91d1b,1,"slliw   s10, s2, 31",,
0000000080005ab2,,s7:0000000000000000,,02690bbb,1,"mulw    s7, s2, t1",,
0000000080005ab6,,fa0:ffffffff3f800000,,d0247553,1,"fcvt.s.l fa0, s0",,
0000000080005aba,,s2:0000000000a00000,,00c94933,1,"xor     s2, s2, a2",,
0000000080005abe,,fs11:7ff8000000000000,,03ea7dd3,1,"fadd.d  fs11, fs4, ft10",,
0000000080005ac2,,ra:0000000000000000,,a20f80d3,1,"fle.d   ra, ft11, ft0",,
0000000080005ac6,,a0:ffffffffffffffff,,0209453b,1,"divw    a0, s2, zero",,
0000000080005aca,,fs2:7ff8000000000000,,5a0df953,1,"fsqrt.d fs2, fs11",,
0000000080005ace,,a3:0000000000000050,,000c66b3,1,"or      a3, s8, zero",,
0000000080004008,,s8:0000000080006008,,00002c17,3,"auipc   s8, 0x2",,
000000008000400c,,s8:0000000080005f8e,,f86c0c13,3,"addi    s8, s8, -122",,
0000000080004010,,ra:0000000080004014,,000c00e7,3,jalr    s8,,
0000000080005f8e,,a5:0000000080005ad2,,341027f3,3,"csrrs   a5, mepc, zero",,
0000000080005f92,,a4:0000000000000002,,34202773,3,"csrrs   a4, mcause, zero",,
0000000080005f96,,a3:0000000000000000,,142026f3,3,"csrrs   a3, scause, zero",,
0000000080005f9a,,a2:0000000000000a00,,30402673,3,"csrrs   a2, mie, zero",,
0000000080005f9e,,a1:0000000000000080,,344025f3,3,"csrrs   a1, mip, zero",,
0000000080005fa2,,a1:00000000c807a7f3,,343025f3,3,"csrrs   a1, mtval, zero",,
0000000080005fa6,,a0:0000000000000000,,14302573,3,"csrrs   a0, stval, zero",,
0000000080005faa,,s1:00000000000014d0,,b02024f3,3,"csrrs   s1, minstret, zero",,
0000000080005fc2,,a5:0000000080005ad6,,00000791,3,"c.addi  a5, 4",,
0000000080004008,,s8:0000000080006008,,00002c17,3,"auipc   s8, 0x2",,
000000008000400c,,s8:0000000080005f8e,,f86c0c13,3,"addi    s8, s8, -122",,
0000000080004010,,ra:0000000080004014,,000c00e7,3,jalr    s8,,
0000000080005f8e,,a5:0000000080005ad6,,341027f3,3,"csrrs   a5, mepc, zero",,
0000000080005f92,,a4:0000000000000002,,34202773,3,"csrrs   a4, mcause, zero",,
0000000080005f96,,a3:0000000000000000,,142026f3,3,"csrrs   a3, scause, zero",,
0000000080005f9a,,a2:0000000000000a00,,30402673,3,"csrrs   a2, mie, zero",,
0000000080005f9e,,a1:0000000000000080,,344025f3,3,"csrrs   a1, mip, zero",,
0000000080005fa2,,a1:00000000f11518f3,,343025f3,3,"csrrs   a1, mtval, zero",,
0000000080005fa6,,a0:0000000000000000,,14302573,3,"csrrs   a0, stval, zero",,
0000000080005faa,,s1:00000000000014e0,,b02024f3,3,"csrrs   s1, minstret, zero",,
0000000080005fc2,,a5:0000000080005ada,,00000791,3,"c.addi  a5, 4",,
0000000080005ada,,s3:ffffffffffffffff,,c03cf9d3,1,"fcvt.lu.s s3, fs9",,
0000000080005ade,,ra:0000000000000000,,a29100d3,1,"fle.d   ra, ft2, fs1",,
0000000080005ae2,,fs7:ffffffff45a70000,,d034fbd3,1,"fcvt.s.lu fs7, s1",,
0000000080005ae6,,ft7:ffffffff41f80000,,4017f3d3,1,"fcvt.s.d ft7, fa5",,
0000000080005aea,,a7:000000006b5f5000,,6b5f58b7,1,"lui     a7, 0x6b5f5",,
0000000080005aee,,a1:000000007fffffff,,c201f5d3,1,"fcvt.w.d a1, ft3",,
0000000080005af2,,a3:00000000beaf9af2,,3eaf4697,1,"auipc   a3, 0x3eaf4",,
0000000080005af6,,s5:0000000000000000,,015aaab3,1,"slt     s5, s5, s5",,
0000000080005afa,,t2:0000000000000000,,035893b3,1,"mulh    t2, a7, s5",,
0000000080005afe,,s3:ffffffffc01bbcf7,,0b72e993,1,"ori     s3, t0, 183",,
0000000080005b02,,fs4:7fffffff41f80000,,22e3aa53,1,"fsgnjx.d fs4, ft7, fa4",,
0000000080005b06,,a3:fffffee57aa54c84,,022286b3,1,"mul     a3, t0, sp",,
0000000080005b0e,,t1:0000000000000330,,0224f333,1,"remu    t1, s1, sp",,
0000000080005b12,,s3:000000000000039b,,39be899b,1,"addiw   s3, t4, 923",,
0000000080005b16,,s10:0000000000000002,,00202d73,1,"csrrs   s10, frm, zero",,
0000000080005b1a,,s2:0000000031c1d000,,31c1d937,1,"lui     s2, 0x31c1d",,
0000000080005b1e,,ft0:7ff8000000000000,,0243f043,1,"fmadd.d ft0, ft7, ft4, ft0",,
0000000080005b22,,fs8:ffffffff4ed6bea0,,d028fc53,1,"fcvt.s.l fs8, a7",,
0000000080005b26,,ft4:41dad7d400000000,,d2088253,1,"fcvt.d.w ft4, a7",,
0000000080005b2a,,t3:0000000000000000,,03292e33,1,"mulhsu  t3, s2, s2",,
0000000080005b2e,,s3:0000000000000330,,00035993,1,"srli    s3, t1, 0",,
0000000080005b32,,s4:00000000000a2900,,03398a3b,1,"mulw    s4, s3, s3",,
0000000080005b36,,t0:0000000000000000,,4131d2bb,1,"sraw    t0, gp, s3",,
0000000080005b3a,,s3:0000000000000181,,1810e993,1,"ori     s3, ra, 385",,
0000000080005b3e,,a6:0000000000861000,,00861837,1,"lui     a6, 0x861",,
0000000080005b42,,a6:0000000000860ff5,,00003855,1,"c.addiw a6, -11",,
0000000080005b44,,a6:00000010c1fea000,,00000836,1,"c.slli  a6, 13",,
0000000080005b46,,a6:00000010c1fea6a9,,6a980813,1,"addi    a6, a6, 1705",,
0000000080005b4a,,a3:0000000060aa7000,,60aa76b7,1,"lui     a3, 0x60aa7",,
0000000080005b4e,,sp:000000005a0b5000,,5a0b5137,1,"lui     sp, 0x5a0b5",,
0000000080005b52,,gp:fffffffffffffac0,,ac03819b,1,"addiw   gp, t2, -1344",,
0000000080005b56,,t1:0000000000000002,,40275333,1,"sra     t1, a4, sp",,
0000000080005b5a,,a3:0000000000000000,,026176b3,1,"remu    a3, sp, t1",,
0000000080005b5e,,s4:ffffffffffffffff,,000b1a13,1,"slli    s4, s6, 0",,
0000000080005b62,,fs10:41dad7d400000000,,23a21d53,1,"fsgnjn.d fs10, ft4, fs10",,
0000000080005b66,,s11:0000000000000000,,000ddd93,1,"srli    s11, s11, 0",,
0000000080005b6a,,fs8:7ff8000000000000,,026cfc53,1,"fadd.d  fs8, fs9, ft6",,
0000000080005b6e,,s5:0000000000000181,,00008ace,1,"c.mv    s5, s3",,
0000000080005b74,,s11:ffffffffffffffff,,c0327dd3,1,"fcvt.lu.s s11, ft4",,
0000000080005b78,,a0:ffffffffffffffff,,41dd8533,1,"sub     a0, s11, t4",,
0000000080005b7c,,s9:00000000306922c0,,c03f7cd3,1,"fcvt.lu.s s9, ft10",,
0000000080005b80,,a7:00000010c1fea6a9,,00081893,1,"slli    a7, a6, 0",,
0000000080005b84,,ra:0000000000000000,,03b0c0bb,1,"divw    ra, ra, s11",,
0000000080005b88,,t0:ffffffffffc0002f,,410c52bb,1,"sraw    t0, s8, a6",,
0000000080005b8c,,t2:ffffffffffffffff,,41fb539b,1,"sraiw   t2, s6, 31",,
0000000080005b90,,a3:0000000000000000,,5bb6f693,1,"andi    a3, a3, 1467",,
0000000080005b94,,ft0:7ff8000000000000,,039d7053,1,"fadd.d  ft0, fs10, fs9",,
0000000080005b98,,fa1:7ff8000000000000,,0abc75d3,1,"fsub.d  fa1, fs8, fa1",,
0000000080005b9c,,a0:0000000031c00000,,00597533,1,"and     a0, s2, t0",,
0000000080005ba0,,fs0:41efffffffe00000,,d21a0453,1,"fcvt.d.wu fs0, s4",,
0000000080005ba4,,s10:0000000000000000,,03ad7d3b,1,"remuw   s10, s10, s10",,
0000000080005ba8,,a5:fffffffffffffd16,,d160c793,1,"xori    a5, ra, -746",,
0000000080005bac,,fa0:7ff8000000000000,,4285f547,1,"fmsub.d fa0, fa1, fs0, fs0",,
0000000080005bb0,,s8:0000000000000000,,017d1c3b,1,"sllw    s8, s10, s7",,
0000000080005bb4,,tp:0000000000000000,,0267723b,1,"remuw   tp, a4, t1",,
0000000080005bb8,,ft9:7ff8000000000000,,028efed3,1,"fadd.d  ft9, ft9, fs0",,
0000000080005bbc,,fs11:40b4e00000000000,,d2048dd3,1,"fcvt.d.w fs11, s1",,
0000000080005bc0,,fs7:7ff8000000000000,,3a9dfbc7,1,"fmsub.d fs7, fs11, fs1, ft7",,
0000000080005bc4,,s4:0000000000000001,,414b8a3b,1,"subw    s4, s7, s4",,
0000000080005bc8,,s3:00000000007d9000,,007d99b7,1,"lui     s3, 0x7d9",,
0000000080005bcc,,fs6:ffffffffc43a8000,,d027fb53,1,"fcvt.s.l fs6, a5",,
0000000080005bd4,,ra:0000000000000000,,a34d00d3,1,"fle.d   ra, fs10, fs4",,
0000000080005bd8,,tp:ffffffffc1fea6a9,,01a8523b,1,"srlw    tp, a6, s10",,
0000000080005bdc,,gp:ffffffffffffffff,,c21b71d3,1,"fcvt.wu.d gp, fs6",,
0000000080005be0,,s0:0000000000000001,,0231d43b,1,"divuw   s0, gp, gp",,
0000000080005be4,,s4:0000000000000000,,aeeefa13,1,"andi    s4, t4, -1298",,
0000000080005be8,,ft2:7ff8000000000000,,c2cc7147,1,"fmsub.d ft2, fs8, fa2, fs8",,
0000000080005bec,,a5:ffffffffffffffff,,03d7c7b3,1,"div     a5, a5, t4",,
0000000080005bf0,,s8:0000000000000000,,418edc3b,1,"sraw    s8, t4, s8",,
0000000080005bf4,,fa0:7ff8000000000000,,022c7553,1,"fadd.d  fa0, fs8, ft2",,
0000000080005bf8,,t3:fffffffffd0c9000,,fd0c9e37,1,"lui     t3, 0xfd0c9",,
0000000080005bfc,,t3:fffffffffd0c8f61,,f61e0e1b,1,"addiw   t3, t3, -159",,
0000000080005c00,,t3:ffffffa191ec2000,,00000e36,1,"c.slli  t3, 13",,
0000000080005c02,,t3:ffffffa191ec1c96,,c96e0e13,1,"addi    t3, t3, -874",,
0000000080005c06,,s11:0000000000000001,,41840dbb,1,"subw    s11, s0, s8",,
0000000080005c0a,,ra:00000000007d97ff,,7ff9c093,1,"xori    ra, s3, 2047",,
0000000080005c0e,,s2:7ff8000000000000,,e20c0953,1,"fmv.x.d s2, fs8",,
0000000080005c12,,t3:ffffffffff826800,,40178e3b,1,"subw    t3, a5, ra",,
0000000080005c16,,a5:ffffffffff826800,,018e67b3,1,"or      a5, t3, s8",,
0000000080005c1a,,a7:04d0000000000000,,004798b3,1,"sll     a7, a5, tp",,
0000000080005c1e,,t1:7ff8000000000000,,01d91333,1,"sll     t1, s2, t4",,
0000000080005c22,,s6:7ff8000000000000,,01331b33,1,"sll     s6, t1, s3",,
0000000080004008,,s8:0000000080006008,,00002c17,3,"auipc   s8, 0x2",,
000000008000400c,,s8:0000000080005f8e,,f86c0c13,3,"addi    s8, s8, -122",,
0000000080004010,,ra:0000000080004014,,000c00e7,3,jalr    s8,,
0000000080005f8e,,a5:0000000080005c26,,341027f3,3,"csrrs   a5, mepc, zero",,
0000000080005f92,,a4:0000000000000002,,34202773,3,"csrrs   a4, mcause, zero",,
0000000080005f96,,a3:0000000000000000,,142026f3,3,"csrrs   a3, scause, zero",,
0000000080005f9a,,a2:0000000000000a00,,30402673,3,"csrrs   a2, mie, zero",,
0000000080005f9e,,a1:0000000000000080,,344025f3,3,"csrrs   a1, mip, zero",,
0000000080005fa2,,a1:00000000f1131073,,343025f3,3,"csrrs   a1, mtval, zero",,
0000000080005fa6,,a0:0000000000000000,,14302573,3,"csrrs   a0, stval, zero",,
0000000080005faa,,s1:0000000000001545,,b02024f3,3,"csrrs   s1, minstret, zero",,
0000000080005fc2,,a5:0000000080005c2a,,00000791,3,"c.addi  a5, 4",,
0000000080005c2a,,fs1:7ff8000000000000,,0b8b74cf,1,"fnmadd.d fs1, fs6, fs8, ft1",,
0000000080005c2e,,ft9:7ff8000000000000,,2bfe9ed3,1,"fmax.d  ft9, ft9, ft11",,
0000000080005c32,,a3:fffffffffffffffe,,003186b3,1,"add     a3, gp, gp",,
0000000080005c36,,fs0:0000000000000000,,2b0f9453,1,"fmax.d  fs0, ft11, fa6",,
0000000080005c3a,,tp:0000000000000000,,00008276,1,"c.mv    tp, t4",,
0000000080005c3c,,a6:0000000000000000,,001e9813,1,"slli    a6, t4, 1",,
0000000080005c40,,s8:0000000000000000,,03012c33,1,"mulhsu  s8, sp, a6",,
0000000080005c48,,a0:8008000080004014,,40608533,1,"sub     a0, ra, t1",,
0000000080005c4c,,tp:0000000000000000,,03d3623b,1,"remw    tp, t1, t4",,
0000000080005c50,,ft11:7ff8000000000000,,d3bbffc3,1,"fmadd.d ft11, fs7, fs11, fs10",,
0000000080005c54,,t1:0000000000000000,,42145313,1,"srai    t1, s0, 33",,
0000000080005c58,,t0:0000000000001543,,40e482bb,1,"subw    t0, s1, a4",,
0000000080005c5c,,tp:000000000000001f,,00141273,1,"csrrw   tp, fflags, s0",,
0000000080005c60,,s9:0000000077a02000,,77a02cb7,1,"lui     s9, 0x77a02",,
0000000080005c64,,fa2:7ff8000000000000,,0a10f643,1,"fmadd.d fa2, ft1, ft1, ft1",,
0000000080005c68,,s8:0000000077a01fff,,02dcac33,1,"mulhsu  s8, s9, a3",,
0000000080005c6c,,ra:0000000000000001,,001d10f3,1,"csrrw   ra, fflags, s10",,
0000000080005c70,,s7:0000000000000000,,02e71bb3,1,"mulh    s7, a4, a4",,
0000000080005c74,,s11:0000000000000000,,00102df3,1,"csrrs   s11, fflags, zero",,
0000000080005c78,,a2:00000000ba855c78,,3a850617,1,"auipc   a2, 0x3a850",,
0000000080005c7c,,t0:0000000000000000,,00f2d2b3,1,"srl     t0, t0, a5",,
0000000080005c80,,s9:fffffffffffffe00,,00939c93,1,"slli    s9, t2, 9",,
0000000080005c84,,a7:ffffffffff826800,,bc8e7893,1,"andi    a7, t3, -1080",,
0000000080005c88,,s1:7ff7ffffffffffff,,02db24b3,1,"mulhsu  s1, s6, a3",,
0000000080005c8c,,fs8:40effffffff00000,,5a06fc53,1,"fsqrt.d fs8, fa3",,
0000000080005c90,,a7:ffffffffffffffff,,43f8d893,1,"srai    a7, a7, 63",,
0000000080004008,,s8:0000000080006008,,00002c17,3,"auipc   s8, 0x2",,
000000008000400c,,s8:0000000080005f8e,,f86c0c13,3,"addi    s8, s8, -122",,
0000000080004010,,ra:0000000080004014,,000c00e7,3,jalr    s8,,
0000000080005f8e,,a5:0000000080005c94,,341027f3,3,"csrrs   a5, mepc, zero",,
0000000080005f92,,a4:0000000000000002,,34202773,3,"csrrs   a4, mcause, zero",,
0000000080005f96,,a3:0000000000000000,,142026f3,3,"csrrs   a3, scause, zero",,
0000000080005f9a,,a2:0000000000000a00,,30402673,3,"csrrs   a2, mie, zero",,
0000000080005f9e,,a1:0000000000000080,,344025f3,3,"csrrs   a1, mip, zero",,
0000000080005fa2,,a1:0000000030675e73,,343025f3,3,"csrrs   a1, mtval, zero",,
0000000080005fa6,,a0:0000000000000000,,14302573,3,"csrrs   a0, stval, zero",,
0000000080005faa,,s1:0000000000001570,,b02024f3,3,"csrrs   s1, minstret, zero",,
0000000080005fc2,,a5:0000000080005c98,,00000791,3,"c.addi  a5, 4",,
0000000080005c98,,a0:ffffffffffffffff,,0241a533,1,"mulhsu  a0, gp, tp",,
0000000080005c9c,,a2:0000000000000000,,00a7a633,1,"slt     a2, a5, a0",,
0000000080005ca0,,t4:0000000000000000,,00fb1eb3,1,"sll     t4, s6, a5",,
0000000080005ca4,,s4:000000005a0b5000,,002e8a3b,1,"addw    s4, t4, sp",,
0000000080005cac,,sp:0000000000000000,,a2cb0153,1,"fle.d   sp, fs6, fa2",,
0000000080005cb0,,ft1:fff8000000000000,,22e5a0d3,1,"fsgnjx.d ft1, fa1, fa4",,
0000000080005cb4,,ft4:7ff8000000000000,,f2090253,1,"fmv.d.x ft4, s2",,
0000000080005cb8,,s7:8000000000000000,,00739bb3,1,"sll     s7, t2, t2",,
0000000080005cbc,,fs5:0000000000000000,,d222fad3,1,"fcvt.d.l fs5, t0",,
0000000080005cc0,,s1:007ff80000000000,,00895493,1,"srli    s1, s2, 8",,
0000000080005cc4,,s3:0000000000000000,,0239d9bb,1,"divuw   s3, s3, gp",,
0000000080005cc8,,a2:ffffffffffffffff,,c03c7653,1,"fcvt.lu.s a2, fs8",,
0000000080005ccc,,s9:0000000000000000,,41abdc9b,1,"sraiw   s9, s7, 26",,
0000000080005cd0,,gp:0000000000000000,,009bd1bb,1,"srlw    gp, s7, s1",,
0000000080004008,,s8:0000000080006008,,00002c17,3,"auipc   s8, 0x2",,
000000008000400c,,s8:0000000080005f8e,,f86c0c13,3,"addi    s8, s8, -122",,
0000000080004010,,ra:0000000080004014,,000c00e7,3,jalr    s8,,
0000000080005f8e,,a5:0000000080005cd4,,341027f3,3,"csrrs   a5, mepc, zero",,
0000000080005f92,,a4:0000000000000002,,34202773,3,"csrrs   a4, mcause, zero",,
0000000080005f96,,a3:0000000000000000,,142026f3,3,"csrrs   a3, scause, zero",,
0000000080005f9a,,a2:0000000000000a00,,30402673,3,"csrrs   a2, mie, zero",,
0000000080005f9e,,a1:0000000000000080,,344025f3,3,"csrrs   a1, mip, zero",,
0000000080005fa2,,a1:0000000031a4ddf3,,343025f3,3,"csrrs   a1, mtval, zero",,
0000000080005fa6,,a0:0000000000000000,,14302573,3,"csrrs   a0, stval, zero",,
0000000080005faa,,s1:000000000000158f,,b02024f3,3,"csrrs   s1, minstret, zero",,
0000000080005fc2,,a5:0000000080005cd8,,00000791,3,"c.addi  a5, 4",,
0000000080005cd8,,s2:000000000770c000,,0770c937,1,"lui     s2, 0x770c",,
0000000080005cdc,,s2:000000000770c149,,1499091b,1,"addiw   s2, s2, 329",,
0000000080005ce0,,s2:000000770c149000,,00000932,1,"c.slli  s2, 12",,
0000000080005ce2,,s2:000000770c148a78,,a7890913,1,"addi    s2, s2, -1416",,
0000000080005ce6,,ra:0000000000000000,,01b920b3,1,"slt     ra, s2, s11",,
0000000080005cea,,ft5:7ff8000000000000,,9209f2c7,1,"fmsub.d ft5, fs3, ft0, fs2",,
0000000080005cee,,t2:0000000000000000,,03bde3bb,1,"remw    t2, s11, s11",,
0000000080005cf2,,s2:0000000000000000,,03fb9913,1,"slli    s2, s7, 63",,
0000000080005cf6,,ra:7fffffffffffffff,,c022f0d3,1,"fcvt.l.s ra, ft5",,
0000000080005cfa,,sp:0000000000000000,,00001122,1,"c.slli  sp, 40",,
0000000080005cfc,,s4:0000000000000000,,40adda3b,1,"sraw    s4, s11, a0",,
0000000080005d00,,s8:0000000000000000,,41215c3b,1,"sraw    s8, sp, s2",,
0000000080005d04,,t0:000000000000019b,,19b00293,1,"li      t0, 411",,
0000000080005d08,,s0:0008000000000000,,0000144e,1,"c.slli  s0, 51",,
0000000080005d0a,,s9:0000000000000000,,00db8cbb,1,"addw    s9, s7, a3",,
0000000080005d0e,,a2:ffffffffffffffff,,c2397653,1,"fcvt.lu.d a2, fs2",,
0000000080005d12,,t3:ffffffffff826800,,03de6e3b,1,"remw    t3, t3, t4",,
0000000080005d16,,ft3:fff8000000000000,,2232a1d3,1,"fsgnjx.d ft3, ft5, ft3",,
0000000080005d1a,,sp:ffffffffffffffff,,00065113,1,"srli    sp, a2, 0",,
0000000080005d1e,,fs5:0000000000000000,,f20e8ad3,1,"fmv.d.x fs5, t4",,
0000000080005d22,,s0:0000000080005cd7,,02fe3433,1,"mulhu   s0, t3, a5",,
0000000080005d2a,,tp:0000000000000000,,10507213,1,"andi    tp, zero, 261",,
0000000080005d32,,fs10:0000000000000000,,2bea9d53,1,"fmax.d  fs10, fs5, ft10",,
0000000080005d36,,a2:fffffffffffff7ff,,80060613,1,"addi    a2, a2, -2048",,
0000000080005d3a,,a7:ffffffffffffffff,,414888bb,1,"subw    a7, a7, s4",,
0000000080005d3e,,ra:0000000000000000,,021010b3,1,"mulh    ra, zero, ra",,
0000000080005d42,,s0:0000000000000016,,33647413,1,"andi    s0, s0, 822",,
0000000080005d46,,s10:0000000000000000,,0770fd13,1,"andi    s10, ra, 119",,
0000000080005d4a,,a1:000000007fcd0d4a,,ffccb597,1,"auipc   a1, 0xffccb",,
0000000080005d4e,,fs0:41dff34352800000,,d235f453,1,"fcvt.d.lu fs0, a1",,
0000000080005d52,,fs9:7ff8000000000000,,235f8cd3,1,"fsgnj.d fs9, ft11, fs5",,
0000000080005d5a,,s10:ffffffff80005cd8,,41b78d3b,1,"subw    s10, a5, s11",,
0000000080005d62,,a6:000000007fcd0d4a,,c2047853,1,"fcvt.w.d a6, fs0",,
0000000080005d66,,fa2:41dff34352800000,,d2287653,1,"fcvt.d.l fa2, a6",,
0000000080005d6a,,fs5:ffffffff00000000,,d020fad3,1,"fcvt.s.l fs5, ra",,
0000000080005d6e,,s2:0000000000000000,,41ab593b,1,"sraw    s2, s6, s10",,
0000000080005d72,,a5:00000000e626fd72,,6626a797,1,"auipc   a5, 0x6626a",,
0000000080005d76,,s3:0000000000000000,,000019ca,1,"c.slli  s3, 50",,
0000000080005d78,,a6:0000000000000000,,41ced83b,1,"sraw    a6, t4, t3",,
0000000080005d7c,,s10:00000001ffffffff,,01fe5d13,1,"srli    s10, t3, 31",,
0000000080005d80,,ft10:0000000000000000,,d2257f53,1,"fcvt.d.l ft10, a0",,
0000000080005d84,,ft5:7ff8000000000000,,225ca2d3,1,"fsgnjx.d ft5, fs9, ft5",,
0000000080005d88,,ft4:7ff8000000000000,,0ae27253,1,"fsub.d  ft4, ft4, fa4",,
0000000080005d8c,,a0:ffffffffff826800,,017e5533,1,"srl     a0, t3, s7",,
0000000080005d90,,sp:0000000000000000,,a3288153,1,"fle.d   sp, fa7, fs2",,
0000000080005d94,,s10:0000000000000000,,00b69d3b,1,"sllw    s10, a3, a1",,
0000000080005d98,,s0:ffffffffff826ba9,,3a9e6413,1,"ori     s0, t3, 937",,
0000000080005d9c,,a7:0000000000000000,,01dd48b3,1,"xor     a7, s10, t4",,
0000000080005da0,,s8:ffffffffff826ba9,,02746c3b,1,"remw    s8, s0, t2",,
0000000080005da4,,t0:0000000000000000,,4099d293,1,"srai    t0, s3, 9",,
0000000080005da8,,ft9:ffffffff7fc00000,,4019fed3,1,"fcvt.s.d ft9, fs3",,
0000000080005dac,,tp:0000000000000000,,02c6d233,1,"divu    tp, a3, a2",,
0000000080005db0,,t2:0000000000000000,,0274b3b3,1,"mulhu   t2, s1, t2",,
0000000080005db8,,t2:00000000000007ff,,7ff16393,1,"ori     t2, sp, 2047",,
0000000080005dbc,,a4:fffffffffffff8ff,,8ff98713,1,"addi    a4, s3, -1793",,
0000000080005dc0,,t1:0000000000000000,,03c3533b,1,"divuw   t1, t1, t3",,
0000000080005dc4,,t4:0000000000000000,,00e35ebb,1,"srlw    t4, t1, a4",,
0000000080005dc8,,s0:ffffffffffffffff,,c032f453,1,"fcvt.lu.s s0, ft5",,
0000000080005dcc,,a7:0000000000000000,,a33d08d3,1,"fle.d   a7, fs10, fs3",,
0000000080005dd0,,a3:ffffffffffffffff,,c219f6d3,1,"fcvt.wu.d a3, fs3",,
0000000080005dd4,,s6:0000000000000000,,00889b33,1,"sll     s6, a7, s0",,
0000000080005dd8,,s10:ffffffffffffffff,,fff98d13,1,"addi    s10, s3, -1",,
0000000080005ddc,,s2:ffffffffff826800,,02b5693b,1,"remw    s2, a0, a1",,
0000000080005de0,,a5:7fffffffffffffff,,c229f7d3,1,"fcvt.l.d a5, fs3",,
0000000080005de4,,s9:0000000000000000,,016b5cbb,1,"srlw    s9, s6, s6",,
0000000080005de8,,fs7:0000000000000000,,f20b0bd3,1,"fmv.d.x fs7, s6",,
0000000080005dec,,s9:0000000000000000,,00809cbb,1,"sllw    s9, ra, s0",,
0000000080005df4,,ft5:43efffffffffffff,,d23772d3,1,"fcvt.d.lu ft5, a4",,
0000000080005df8,,ft9:ffffffff00000000,,d0207ed3,1,"fcvt.s.l ft9, zero",,
0000000080005dfc,,s3:0000000000000000,,02e519b3,1,"mulh    s3, a0, a4",,
0000000080005e00,,tp:0000000000000000,,4001d213,1,"srai    tp, gp, 0",,
0000000080005e04,,a3:0000000000000002,,002026f3,1,"csrrs   a3, frm, zero",,
0000000080005e08,,a5:000000007fffffff,,c20377d3,1,"fcvt.w.d a5, ft6",,
0000000080005e0c,,s7:0000000000000000,,0289fbb3,1,"remu    s7, s3, s0",,
0000000080005e10,,fs4:7ff8000000000000,,3bba7a47,1,"fmsub.d fs4, fs4, fs11, ft7",,
0000000080005e14,,fs9:0000000000000000,,2b081cd3,1,"fmax.d  fs9, fa6, fa6",,
0000000080005e18,,fs2:fff8000000000000,,23931953,1,"fsgnjn.d fs2, ft6, fs9",,
0000000080005e1c,,s11:0000000000000000,,02358dbb,1,"mulw    s11, a1, gp",,
0000000080005e20,,s0:00000000711b4e20,,f11af417,1,"auipc   s0, 0xf11af",,
0000000080005e24,,ft5:43efffffffffffff,,22b2a2d3,1,"fsgnjx.d ft5, ft5, fa1",,
0000000080005e28,,t0:0000000000000000,,4058d2b3,1,"sra     t0, a7, t0",,
0000000080005e2c,,s3:0000000000000000,,40d6d9b3,1,"sra     s3, a3, a3",,
0000000080005e30,,a6:000000000b8dce30,,8b8d7817,1,"auipc   a6, 0x8b8d7",,
0000000080005e34,,s9:00000000000001d9,,1d99ec93,1,"ori     s9, s3, 473",,
0000000080004008,,s8:0000000080006008,,00002c17,3,"auipc   s8, 0x2",,
000000008000400c,,s8:0000000080005f8e,,f86c0c13,3,"addi    s8, s8, -122",,
0000000080004010,,ra:0000000080004014,,000c00e7,3,jalr    s8,,
0000000080005f8e,,a5:0000000080005e38,,341027f3,3,"csrrs   a5, mepc, zero",,
0000000080005f92,,a4:0000000000000002,,34202773,3,"csrrs   a4, mcause, zero",,
0000000080005f96,,a3:0000000000000000,,142026f3,3,"csrrs   a3, scause, zero",,
0000000080005f9a,,a2:0000000000000a00,,30402673,3,"csrrs   a2, mie, zero",,
0000000080005f9e,,a1:0000000000000080,,344025f3,3,"csrrs   a1, mip, zero",,
0000000080005fa2,,a1:00000000c0215673,,343025f3,3,"csrrs   a1, mtval, zero",,
0000000080005fa6,,a0:0000000000000000,,14302573,3,"csrrs   a0, stval, zero",,
0000000080005faa,,s1:00000000000015f9,,b02024f3,3,"csrrs   s1, minstret, zero",,
0000000080005fc2,,a5:0000000080005e3c,,00000791,3,"c.addi  a5, 4",,
0000000080005e3e,,s8:00000000000007ff,,7ffbcc13,1,"xori    s8, s7, 2047",,
0000000080005e42,,fs11:7ff8000000000000,,0273fdd3,1,"fadd.d  fs11, ft7, ft7",,
0000000080005e46,,t0:000000000000ffff,,c21c72d3,1,"fcvt.wu.d t0, fs8",,
0000000080005e4a,,s0:0000000000000000,,0046d41b,1,"srliw   s0, a3, 4",,
0000000080005e4e,,ft9:fff8000000000000,,23dd8ed3,1,"fsgnj.d ft9, fs11, ft9",,
0000000080005e52,,t0:7fffffffffffffff,,c22df2d3,1,"fcvt.l.d t0, fs11",,
0000000080005e56,,t3:00000000007d9fff,,41c38e3b,1,"subw    t3, t2, t3",,
0000000080005e5a,,a4:0000000000000000,,42d5d713,1,"srai    a4, a1, 45",,
0000000080005e5e,,s8:0000000000000000,,40175c1b,1,"sraiw   s8, a4, 1",,
0000000080005e62,,t1:0000000000000002,,00202373,1,"csrrs   t1, frm, zero",,
0000000080005e66,,s3:0000000000000000,,4079d99b,1,"sraiw   s3, s3, 7",,
0000000080005e6c,,s3:ffffffffffffffff,,013d59b3,1,"srl     s3, s10, s3",,
0000000080005e70,,s10:7fffffffffffffff,,41d28d33,1,"sub     s10, t0, t4",,
0000000080005e74,,fs3:ffffffff5effffff,,d032f9d3,1,"fcvt.s.lu fs3, t0",,
0000000080005e78,,gp:fffffffffffffa3d,,a3dec193,1,"xori    gp, t4, -1475",,
0000000080005e7c,,fs1:7ff8000000000000,,235a14d3,1,"fsgnjn.d fs1, fs4, fs5",,
0000000080005e80,,ft4:7ff8000000000000,,8ab07247,1,"fmsub.d ft4, ft0, fa1, fa7",,
0000000080005e84,,fs6:7ff8000000000000,,0a4b7b53,1,"fsub.d  fs6, fs6, ft4",,
0000000080005e88,,a5:0000000080005e3c,,41d787b3,1,"sub     a5, a5, t4",,
0000000080005e8c,,a0:0000000000000000,,02052533,1,"mulhsu  a0, a0, zero",,
0000000080005e90,,t3:0000000000000000,,40545e33,1,"sra     t3, s0, t0",,
0000000080005e94,,fa2:41dff34352800000,,22161653,1,"fsgnjn.d fa2, fa2, ft1",,
0000000080005e98,,ft5:ffffffff7fc00000,,401ff2d3,1,"fcvt.s.d ft5, ft11",,
0000000080005e9c,,fs2:ffffffff4d38dce3,,d0387953,1,"fcvt.s.lu fs2, a6",,
0000000080005ea0,,s5:7fffffffffffffff,,c02bfad3,1,"fcvt.l.s s5, fs7",,
0000000080005ea4,,s1:0000000000000001,,415204bb,1,"subw    s1, tp, s5",,
0000000080005ea8,,s4:0000000000000000,,43815a13,1,"srai    s4, sp, 56",,
0000000080005eac,,a6:0000000000fffffa,,0081d81b,1,"srliw   a6, gp, 8",,
0000000080005eb0,,t0:ffffffff8651e000,,8651e2b7,1,"lui     t0, 0x8651e",,
0000000080005eb4,,ra:fffffffffffffe5f,,0390e0bb,1,"remw    ra, ra, s9",,
0000000080005eb8,,sp:7fffffffffffffff,,c02bf153,1,"fcvt.l.s sp, fs7",,
0000000080005ebc,,fa4:0000000000000000,,232b9753,1,"fsgnjn.d fa4, fs7, fs2",,
0000000080005ec0,,t1:ffffffffff826800,,00d9133b,1,"sllw    t1, s2, a3",,
0000000080005ec4,,ft10:c1efffffffe00000,,22869f53,1,"fsgnjn.d ft10, fa3, fs0",,
0000000080005ec8,,s9:0000000000000000,,01ab9cbb,1,"sllw    s9, s7, s10",,
0000000080005ecc,,s7:0000000000000001,,0269dbb3,1,"divu    s7, s3, t1",,
0000000080005ed0,,tp:0000000000000000,,00632233,1,"slt     tp, t1, t1",,
0000000080005ed4,,s3:000000000000ffff,,0109d99b,1,"srliw   s3, s3, 16",,
0000000080005ed8,,fs6:c0effffffff00000,,23ec2b53,1,"fsgnjx.d fs6, fs8, ft10",,
0000000080005edc,,s10:0000000000000000,,03a35d3b,1,"divuw   s10, t1, s10",,
0000000080005ee0,,s2:00000000000003b6,,3b6b6913,1,"ori     s2, s6, 950",,
0000000080005ee4,,ft9:7ff8000000000000,,ebdc7ecb,1,"fnmsub.d ft9, fs8, ft9, ft9",,
0000000080005ee8,,ft0:43dfffffffffffff,,d2217053,1,"fcvt.d.l ft0, sp",,
0000000080005eec,,s11:ffffffffffffffff,,c2157dd3,1,"fcvt.wu.d s11, fa0",,
0000000080005ef0,,a2:ffffffffff826800,,41c30633,1,"sub     a2, t1, t3",,
0000000080005ef4,,fs3:403f000000000000,,420389d3,1,"fcvt.d.s fs3, ft7",,
0000000080005ef8,,a5:7fffffffffffffff,,c02df7d3,1,"fcvt.l.s a5, fs11",,
0000000080005efc,,s8:0000000000000000,,0016ac33,1,"slt     s8, a3, ra",,
0000000080005f00,,s9:0000000000000000,,40025cbb,1,"sraw    s9, tp, zero",,
0000000080005f04,,a7:ffffffffffffffff,,01bde8b3,1,"or      a7, s11, s11",,
0000000080005f08,,ft8:3ff0000000000000,,1b39fe53,1,"fdiv.d  ft8, fs3, fs3",,
0000000080004008,,s8:0000000080006008,,00002c17,3,"auipc   s8, 0x2",,
000000008000400c,,s8:0000000080005f8e,,f86c0c13,3,"addi    s8, s8, -122",,
0000000080004010,,ra:0000000080004014,,000c00e7,3,jalr    s8,,
0000000080005f8e,,a5:0000000080005f0c,,341027f3,3,"csrrs   a5, mepc, zero",,
0000000080005f92,,a4:0000000000000002,,34202773,3,"csrrs   a4, mcause, zero",,
0000000080005f96,,a3:0000000000000000,,142026f3,3,"csrrs   a3, scause, zero",,
0000000080005f9a,,a2:0000000000000a00,,30402673,3,"csrrs   a2, mie, zero",,
0000000080005f9e,,a1:0000000000000080,,344025f3,3,"csrrs   a1, mip, zero",,
0000000080005fa2,,a1:00000000747c1473,,343025f3,3,"csrrs   a1, mtval, zero",,
0000000080005fa6,,a0:0000000000000000,,14302573,3,"csrrs   a0, stval, zero",,
0000000080005faa,,s1:000000000000163e,,b02024f3,3,"csrrs   s1, minstret, zero",,
0000000080005fc2,,a5:0000000080005f10,,00000791,3,"c.addi  a5, 4",,
0000000080005f10,,fs2:7ff8000000000000,,132e7953,1,"fmul.d  fs2, ft8, fs2",,
0000000080005f14,,t3:0000000000000002,,00221e73,1,"csrrw   t3, frm, tp",,
0000000080005f18,,s3:fffffffffffffffe,,41c209bb,1,"subw    s3, tp, t3",,
0000000080005f1c,,s4:0000000000000004,,0030da3b,1,"srlw    s4, ra, gp",,
0000000080005f20,,fa7:ffffffff3f800000,,401e78d3,1,"fcvt.s.d fa7, ft8",,
0000000080005f24,,fs11:7ff8000000000000,,5a3efdc3,1,"fmadd.d fs11, ft9, ft3, fa1",,
0000000080005f28,,ft10:41e0000802800000,,d220ff53,1,"fcvt.d.l ft10, ra",,
0000000080005f30,,s9:0000000000000000,,142eacf3,1,"csrrs   s9, scause, t4",,
0000000080005f34,,a3:07ffffffffffffff,,014ad6b3,1,"srl     a3, s5, s4",,
0000000080005f38,,ft5:7ff8000000000000,,1b95f2d3,1,"fdiv.d  ft5, fa1, fs9",,
0000000080005f3c,,tp:000000000000003f,,03a1d213,1,"srli    tp, gp, 58",,
0000000080005f40,,sp:7fffffffffffffff,,c025f153,1,"fcvt.l.s sp, fa1",,
0000000080005f44,,ft8:3ff0000000000000,,e3ae7e4b,1,"fnmsub.d ft8, ft8, fs10, ft8",,
0000000080005f48,,s4:0000000000000000,,038a4a3b,1,"divw    s4, s4, s8",,
0000000080005f4c,,s6:0000000000000000,,03699b33,1,"mulh    s6, s3, s6",,
0000000080005f50,,ra:ffffffffffffffff,,c032f0d3,1,"fcvt.lu.s ra, ft5",,
0000000080005f54,,a1:0000000000001400,,00161593,1,"slli    a1, a2, 1",,
0000000080005f58,,t3:ffffffffffffffff,,0116ee33,1,"or      t3, a3, a7",,
0000000080005f5c,,s11:0000000000000001,,015eadb3,1,"slt     s11, t4, s5",,
0000000080005f60,,a3:07ffffffffffe9c1,,00008e85,1,"c.sub   a3, s1",,
0000000080005f62,,s7:ffffffffe0000000,,003e1bbb,1,"sllw    s7, t3, gp",,
0000000080005f66,,fa1:7ff8000000000000,,0201f5cf,1,"fnmadd.d fa1, ft3, ft0, ft0",,
0000000080005f6a,,t3:0000000000000002,,41775e33,1,"sra     t3, a4, s7",,
0000000080005f6e,,gp:0000000000000001,,03c751bb,1,"divuw   gp, a4, t3",,
0000000080005f72,,a0:0000000000000000,,02f73533,1,"mulhu   a0, a4, a5",,
0000000080005f76,,gp:0000000000010000,,000001c2,1,"c.slli  gp, 16",,
0000000080005f78,,ft4:7ff8000000000000,,13fcf253,1,"fmul.d  ft4, fs9, ft11",,
0000000080005f7c,,fs1:7ff8000000000000,,ea4f74cf,1,"fnmadd.d fs1, ft10, ft4, ft9",,
0000000080005f80,,t2:ffffffffffffff21,,b6b9039b,1,"addiw   t2, s2, -1173",,
0000000080005f84,,s8:0000000000000000,,00a51c33,1,"sll     s8, a0, a0",,
0000000080005f88,,ra:0000000080005f8c,,a5cfa0ef,1,jal     -0x5da4,,
00000000800001e4,,a0:0000000000000001,,00004505,1,"c.li    a0, 1",,
00000000800001e6,,t5:00000000800011e6,,00001f17,1,"auipc   t5, 0x1",,
